BOLSIG+ version: 03/2016
Collision input data:
--------------------------------------------------
Ar                                                              
LXCat-June2013.txt
How to reference in publications:
1) Yamabe, Buckman, and Phelps, Phys. Rev. 27, 1345 (1983). Revised Oct 1997
2) PHELPS database,http://www.lxcat.laplace.univ-tlse.fr, retrieved June 4, 2013.
 
 
 
Angular frequency / N (m3/s)               0.000    
Cosine of E-B field angle                  0.000    
Gas temperature (K)                        300.0    
Excitation temperature (K)                 300.0    
Transition energy (eV)                     0.000    
Ionization degree                          0.000    
Plasma density (1/m3)                     0.1000E+19
Ion charge parameter                       1.000    
Ion/neutral mass ratio                     1.000    
e-e momentum effects                       1.000    
Energy sharing                             1.000    
Growth model                               1.000    
Maxwellian mean energy (eV)                0.000    
# of grid points                           200.0    
Precision                                 0.1000E-09
Convergence                               0.1000E-03
Maximum # of iterations                    1000.    
Mole fraction Ar                           1.000    
 
 
E/N (Td)    	Electric field / N (Td)                                         
0.5000E-01	0.5000E-01
0.5255E-01	0.5255E-01
0.5523E-01	0.5523E-01
0.5805E-01	0.5805E-01
0.6101E-01	0.6101E-01
0.6413E-01	0.6413E-01
0.6740E-01	0.6740E-01
0.7084E-01	0.7084E-01
0.7445E-01	0.7445E-01
0.7825E-01	0.7825E-01
0.8224E-01	0.8224E-01
0.8644E-01	0.8644E-01
0.9085E-01	0.9085E-01
0.9549E-01	0.9549E-01
0.1004	0.1004
0.1055	0.1055
0.1109	0.1109
0.1165	0.1165
0.1225	0.1225
0.1287	0.1287
0.1353	0.1353
0.1422	0.1422
0.1494	0.1494
0.1571	0.1571
0.1651	0.1651
0.1735	0.1735
0.1824	0.1824
0.1917	0.1917
0.2014	0.2014
0.2117	0.2117
0.2225	0.2225
0.2339	0.2339
0.2458	0.2458
0.2583	0.2583
0.2715	0.2715
0.2854	0.2854
0.2999	0.2999
0.3153	0.3153
0.3313	0.3313
0.3482	0.3482
0.3660	0.3660
0.3847	0.3847
0.4043	0.4043
0.4250	0.4250
0.4466	0.4466
0.4694	0.4694
0.4934	0.4934
0.5186	0.5186
0.5450	0.5450
0.5728	0.5728
0.6020	0.6020
0.6328	0.6328
0.6651	0.6651
0.6990	0.6990
0.7347	0.7347
0.7721	0.7721
0.8115	0.8115
0.8529	0.8529
0.8965	0.8965
0.9422	0.9422
0.9903	0.9903
1.041	1.041
1.094	1.094
1.150	1.150
1.208	1.208
1.270	1.270
1.335	1.335
1.403	1.403
1.475	1.475
1.550	1.550
1.629	1.629
1.712	1.712
1.799	1.799
1.891	1.891
1.988	1.988
2.089	2.089
2.196	2.196
2.308	2.308
2.425	2.425
2.549	2.549
2.679	2.679
2.816	2.816
2.960	2.960
3.111	3.111
3.269	3.269
3.436	3.436
3.612	3.612
3.796	3.796
3.990	3.990
4.193	4.193
4.407	4.407
4.632	4.632
4.868	4.868
5.117	5.117
5.378	5.378
5.652	5.652
5.941	5.941
6.244	6.244
6.562	6.562
6.897	6.897
7.249	7.249
7.619	7.619
8.008	8.008
8.416	8.416
8.846	8.846
9.297	9.297
9.772	9.772
10.27	10.27
10.79	10.79
11.35	11.35
11.92	11.92
12.53	12.53
13.17	13.17
13.84	13.84
14.55	14.55
15.29	15.29
16.07	16.07
16.89	16.89
17.76	17.76
18.66	18.66
19.61	19.61
20.61	20.61
21.67	21.67
22.77	22.77
23.93	23.93
25.15	25.15
26.44	26.44
27.79	27.79
29.21	29.21
30.70	30.70
32.26	32.26
33.91	33.91
35.64	35.64
37.46	37.46
39.37	39.37
41.38	41.38
43.49	43.49
45.71	45.71
48.04	48.04
50.49	50.49
53.07	53.07
55.77	55.77
58.62	58.62
61.61	61.61
64.75	64.75
68.06	68.06
71.53	71.53
75.18	75.18
79.02	79.02
83.05	83.05
87.29	87.29
91.74	91.74
96.42	96.42
101.3	101.3
106.5	106.5
111.9	111.9
117.7	117.7
123.7	123.7
130.0	130.0
136.6	136.6
143.6	143.6
150.9	150.9
158.6	158.6
166.7	166.7
175.2	175.2
184.1	184.1
193.5	193.5
203.4	203.4
213.8	213.8
224.7	224.7
236.2	236.2
248.2	248.2
260.9	260.9
274.2	274.2
288.2	288.2
302.9	302.9
318.3	318.3
334.6	334.6
351.7	351.7
369.6	369.6
388.5	388.5
408.3	408.3
429.1	429.1
451.0	451.0
474.0	474.0
498.2	498.2
523.6	523.6
550.4	550.4
578.4	578.4
608.0	608.0
639.0	639.0
671.6	671.6
705.8	705.8
741.9	741.9
779.7	779.7
819.5	819.5
861.3	861.3
905.3	905.3
951.5	951.5
1000.	1000.
 
 
E/N (Td)    	Grid type                                                       
0.5000E-01	0.000
0.5255E-01	3.000
0.5523E-01	3.000
0.5805E-01	3.000
0.6101E-01	3.000
0.6413E-01	3.000
0.6740E-01	3.000
0.7084E-01	3.000
0.7445E-01	3.000
0.7825E-01	3.000
0.8224E-01	3.000
0.8644E-01	3.000
0.9085E-01	3.000
0.9549E-01	3.000
0.1004	3.000
0.1055	3.000
0.1109	3.000
0.1165	3.000
0.1225	3.000
0.1287	3.000
0.1353	3.000
0.1422	3.000
0.1494	3.000
0.1571	3.000
0.1651	3.000
0.1735	3.000
0.1824	3.000
0.1917	3.000
0.2014	3.000
0.2117	3.000
0.2225	3.000
0.2339	3.000
0.2458	3.000
0.2583	3.000
0.2715	3.000
0.2854	3.000
0.2999	3.000
0.3153	3.000
0.3313	3.000
0.3482	3.000
0.3660	3.000
0.3847	3.000
0.4043	3.000
0.4250	3.000
0.4466	3.000
0.4694	3.000
0.4934	3.000
0.5186	3.000
0.5450	3.000
0.5728	3.000
0.6020	3.000
0.6328	3.000
0.6651	3.000
0.6990	3.000
0.7347	3.000
0.7721	3.000
0.8115	3.000
0.8529	3.000
0.8965	3.000
0.9422	3.000
0.9903	3.000
1.041	3.000
1.094	3.000
1.150	3.000
1.208	3.000
1.270	3.000
1.335	3.000
1.403	3.000
1.475	3.000
1.550	3.000
1.629	3.000
1.712	3.000
1.799	3.000
1.891	3.000
1.988	3.000
2.089	3.000
2.196	3.000
2.308	3.000
2.425	3.000
2.549	3.000
2.679	3.000
2.816	3.000
2.960	3.000
3.111	3.000
3.269	3.000
3.436	3.000
3.612	3.000
3.796	3.000
3.990	3.000
4.193	3.000
4.407	3.000
4.632	3.000
4.868	3.000
5.117	3.000
5.378	3.000
5.652	3.000
5.941	3.000
6.244	3.000
6.562	3.000
6.897	3.000
7.249	3.000
7.619	3.000
8.008	3.000
8.416	3.000
8.846	3.000
9.297	3.000
9.772	3.000
10.27	3.000
10.79	3.000
11.35	3.000
11.92	3.000
12.53	3.000
13.17	3.000
13.84	3.000
14.55	3.000
15.29	3.000
16.07	3.000
16.89	3.000
17.76	3.000
18.66	3.000
19.61	3.000
20.61	3.000
21.67	3.000
22.77	3.000
23.93	3.000
25.15	3.000
26.44	3.000
27.79	3.000
29.21	3.000
30.70	3.000
32.26	3.000
33.91	3.000
35.64	3.000
37.46	3.000
39.37	3.000
41.38	3.000
43.49	3.000
45.71	3.000
48.04	3.000
50.49	3.000
53.07	3.000
55.77	3.000
58.62	3.000
61.61	3.000
64.75	3.000
68.06	3.000
71.53	3.000
75.18	3.000
79.02	3.000
83.05	3.000
87.29	3.000
91.74	3.000
96.42	3.000
101.3	3.000
106.5	3.000
111.9	3.000
117.7	3.000
123.7	3.000
130.0	3.000
136.6	3.000
143.6	3.000
150.9	3.000
158.6	3.000
166.7	3.000
175.2	3.000
184.1	3.000
193.5	3.000
203.4	3.000
213.8	3.000
224.7	3.000
236.2	3.000
248.2	3.000
260.9	3.000
274.2	3.000
288.2	3.000
302.9	3.000
318.3	3.000
334.6	3.000
351.7	3.000
369.6	3.000
388.5	3.000
408.3	3.000
429.1	3.000
451.0	3.000
474.0	3.000
498.2	3.000
523.6	3.000
550.4	3.000
578.4	3.000
608.0	3.000
639.0	3.000
671.6	3.000
705.8	3.000
741.9	3.000
779.7	3.000
819.5	3.000
861.3	3.000
905.3	3.000
951.5	3.000
1000.	3.000
 
 
E/N (Td)    	Maximum energy                                                  
0.5000E-01	200.0
0.5255E-01	2.408
0.5523E-01	2.867
0.5805E-01	2.867
0.6101E-01	2.867
0.6413E-01	2.867
0.6740E-01	2.867
0.7084E-01	2.867
0.7445E-01	2.867
0.7825E-01	2.867
0.8224E-01	2.867
0.8644E-01	3.415
0.9085E-01	3.415
0.9549E-01	3.415
0.1004	3.415
0.1055	3.415
0.1109	3.415
0.1165	3.415
0.1225	3.415
0.1287	4.067
0.1353	4.067
0.1422	4.067
0.1494	4.067
0.1571	4.067
0.1651	4.067
0.1735	4.067
0.1824	4.067
0.1917	4.844
0.2014	4.844
0.2117	4.844
0.2225	4.844
0.2339	4.844
0.2458	4.844
0.2583	4.844
0.2715	5.770
0.2854	5.770
0.2999	5.770
0.3153	5.770
0.3313	5.770
0.3482	5.770
0.3660	5.770
0.3847	5.770
0.4043	6.872
0.4250	6.872
0.4466	6.872
0.4694	6.872
0.4934	6.872
0.5186	6.872
0.5450	6.872
0.5728	8.184
0.6020	8.184
0.6328	8.184
0.6651	8.184
0.6990	8.184
0.7347	8.184
0.7721	8.184
0.8115	8.184
0.8529	9.747
0.8965	9.747
0.9422	9.747
0.9903	9.747
1.041	9.747
1.094	9.747
1.150	9.747
1.208	9.747
1.270	11.61
1.335	11.61
1.403	11.61
1.475	11.61
1.550	11.61
1.629	11.61
1.712	11.61
1.799	13.81
1.891	13.81
1.988	13.81
2.089	13.81
2.196	13.81
2.308	13.81
2.425	13.81
2.549	13.81
2.679	13.81
2.816	13.81
2.960	13.81
3.111	13.81
3.269	16.42
3.436	16.42
3.612	16.42
3.796	16.42
3.990	16.42
4.193	16.42
4.407	16.42
4.632	16.42
4.868	16.42
5.117	16.42
5.378	16.42
5.652	16.42
5.941	16.42
6.244	16.42
6.562	16.42
6.897	16.42
7.249	16.42
7.619	19.49
8.008	19.49
8.416	19.49
8.846	19.49
9.297	19.49
9.772	19.49
10.27	19.49
10.79	19.49
11.35	19.49
11.92	19.49
12.53	19.49
13.17	19.49
13.84	19.49
14.55	19.49
15.29	19.49
16.07	19.49
16.89	23.13
17.76	23.13
18.66	23.13
19.61	23.13
20.61	23.13
21.67	23.13
22.77	23.13
23.93	23.13
25.15	23.13
26.44	23.13
27.79	23.13
29.21	23.13
30.70	27.43
32.26	27.43
33.91	27.43
35.64	27.43
37.46	27.43
39.37	27.43
41.38	27.43
43.49	27.43
45.71	27.43
48.04	27.43
50.49	32.52
53.07	32.52
55.77	32.52
58.62	32.52
61.61	32.52
64.75	32.52
68.06	32.52
71.53	32.52
75.18	38.53
79.02	38.53
83.05	38.53
87.29	38.53
91.74	38.53
96.42	38.53
101.3	45.63
106.5	45.63
111.9	45.63
117.7	45.63
123.7	45.63
130.0	45.63
136.6	54.03
143.6	54.03
150.9	54.03
158.6	54.03
166.7	54.03
175.2	63.96
184.1	63.96
193.5	63.96
203.4	63.96
213.8	75.69
224.7	75.69
236.2	75.69
248.2	75.69
260.9	75.69
274.2	89.56
288.2	89.56
302.9	89.56
318.3	106.0
334.6	106.0
351.7	106.0
369.6	106.0
388.5	125.3
408.3	125.3
429.1	125.3
451.0	148.3
474.0	148.3
498.2	148.3
523.6	175.3
550.4	175.3
578.4	175.3
608.0	207.3
639.0	207.3
671.6	207.3
705.8	245.2
741.9	245.2
779.7	245.2
819.5	289.9
861.3	289.9
905.3	289.9
951.5	342.8
1000.	342.8
 
 
E/N (Td)	Mean energy (eV)
0.5000E-01	0.5778
0.5255E-01	0.5902
0.5523E-01	0.6030
0.5805E-01	0.6162
0.6101E-01	0.6298
0.6413E-01	0.6437
0.6740E-01	0.6581
0.7084E-01	0.6728
0.7445E-01	0.6880
0.7825E-01	0.7037
0.8224E-01	0.7200
0.8644E-01	0.7366
0.9085E-01	0.7538
0.9549E-01	0.7715
0.1004	0.7899
0.1055	0.8087
0.1109	0.8282
0.1165	0.8483
0.1225	0.8691
0.1287	0.8905
0.1353	0.9125
0.1422	0.9353
0.1494	0.9587
0.1571	0.9828
0.1651	1.008
0.1735	1.033
0.1824	1.059
0.1917	1.086
0.2014	1.114
0.2117	1.142
0.2225	1.171
0.2339	1.201
0.2458	1.231
0.2583	1.263
0.2715	1.294
0.2854	1.327
0.2999	1.360
0.3153	1.394
0.3313	1.429
0.3482	1.465
0.3660	1.501
0.3847	1.538
0.4043	1.576
0.4250	1.616
0.4466	1.656
0.4694	1.696
0.4934	1.738
0.5186	1.781
0.5450	1.825
0.5728	1.871
0.6020	1.917
0.6328	1.965
0.6651	2.013
0.6990	2.064
0.7347	2.115
0.7721	2.168
0.8115	2.222
0.8529	2.278
0.8965	2.333
0.9422	2.392
0.9903	2.452
1.041	2.513
1.094	2.576
1.150	2.641
1.208	2.707
1.270	2.775
1.335	2.845
1.403	2.916
1.475	2.988
1.550	3.063
1.629	3.139
1.712	3.217
1.799	3.296
1.891	3.377
1.988	3.459
2.089	3.544
2.196	3.629
2.308	3.717
2.425	3.806
2.549	3.896
2.679	3.989
2.816	4.082
2.960	4.177
3.111	4.273
3.269	4.368
3.436	4.462
3.612	4.554
3.796	4.642
3.990	4.726
4.193	4.803
4.407	4.874
4.632	4.938
4.868	4.995
5.117	5.045
5.378	5.089
5.652	5.128
5.941	5.161
6.244	5.191
6.562	5.217
6.897	5.240
7.249	5.262
7.619	5.281
8.008	5.299
8.416	5.317
8.846	5.334
9.297	5.350
9.772	5.366
10.27	5.383
10.79	5.399
11.35	5.416
11.92	5.433
12.53	5.450
13.17	5.468
13.84	5.487
14.55	5.506
15.29	5.526
16.07	5.547
16.89	5.568
17.76	5.590
18.66	5.613
19.61	5.637
20.61	5.662
21.67	5.687
22.77	5.714
23.93	5.741
25.15	5.769
26.44	5.799
27.79	5.829
29.21	5.860
30.70	5.892
32.26	5.925
33.91	5.959
35.64	5.994
37.46	6.030
39.37	6.067
41.38	6.105
43.49	6.144
45.71	6.184
48.04	6.225
50.49	6.267
53.07	6.309
55.77	6.353
58.62	6.398
61.61	6.444
64.75	6.490
68.06	6.538
71.53	6.587
75.18	6.637
79.02	6.687
83.05	6.739
87.29	6.792
91.74	6.846
96.42	6.901
101.3	6.958
106.5	7.016
111.9	7.076
117.7	7.137
123.7	7.199
130.0	7.263
136.6	7.329
143.6	7.397
150.9	7.466
158.6	7.538
166.7	7.612
175.2	7.688
184.1	7.767
193.5	7.849
203.4	7.934
213.8	8.022
224.7	8.113
236.2	8.208
248.2	8.307
260.9	8.410
274.2	8.518
288.2	8.631
302.9	8.748
318.3	8.872
334.6	9.002
351.7	9.139
369.6	9.284
388.5	9.436
408.3	9.596
429.1	9.766
451.0	9.945
474.0	10.14
498.2	10.34
523.6	10.55
550.4	10.78
578.4	11.02
608.0	11.28
639.0	11.56
671.6	11.86
705.8	12.17
741.9	12.51
779.7	12.87
819.5	13.25
861.3	13.67
905.3	14.11
951.5	14.59
1000.	15.10
 
 
E/N (Td)	Mobility *N (1/m/V/s)
0.5000E-01	0.2722E+26
0.5255E-01	0.2623E+26
0.5523E-01	0.2529E+26
0.5805E-01	0.2438E+26
0.6101E-01	0.2350E+26
0.6413E-01	0.2266E+26
0.6740E-01	0.2185E+26
0.7084E-01	0.2107E+26
0.7445E-01	0.2031E+26
0.7825E-01	0.1959E+26
0.8224E-01	0.1890E+26
0.8644E-01	0.1823E+26
0.9085E-01	0.1758E+26
0.9549E-01	0.1696E+26
0.1004	0.1636E+26
0.1055	0.1579E+26
0.1109	0.1524E+26
0.1165	0.1470E+26
0.1225	0.1419E+26
0.1287	0.1369E+26
0.1353	0.1321E+26
0.1422	0.1275E+26
0.1494	0.1231E+26
0.1571	0.1187E+26
0.1651	0.1146E+26
0.1735	0.1106E+26
0.1824	0.1067E+26
0.1917	0.1029E+26
0.2014	0.9925E+25
0.2117	0.9573E+25
0.2225	0.9232E+25
0.2339	0.8901E+25
0.2458	0.8582E+25
0.2583	0.8273E+25
0.2715	0.7974E+25
0.2854	0.7685E+25
0.2999	0.7405E+25
0.3153	0.7135E+25
0.3313	0.6875E+25
0.3482	0.6623E+25
0.3660	0.6381E+25
0.3847	0.6147E+25
0.4043	0.5921E+25
0.4250	0.5704E+25
0.4466	0.5495E+25
0.4694	0.5293E+25
0.4934	0.5099E+25
0.5186	0.4913E+25
0.5450	0.4733E+25
0.5728	0.4560E+25
0.6020	0.4393E+25
0.6328	0.4233E+25
0.6651	0.4078E+25
0.6990	0.3930E+25
0.7347	0.3787E+25
0.7721	0.3649E+25
0.8115	0.3516E+25
0.8529	0.3388E+25
0.8965	0.3265E+25
0.9422	0.3146E+25
0.9903	0.3032E+25
1.041	0.2921E+25
1.094	0.2815E+25
1.150	0.2713E+25
1.208	0.2614E+25
1.270	0.2518E+25
1.335	0.2426E+25
1.403	0.2337E+25
1.475	0.2252E+25
1.550	0.2169E+25
1.629	0.2089E+25
1.712	0.2012E+25
1.799	0.1937E+25
1.891	0.1865E+25
1.988	0.1795E+25
2.089	0.1728E+25
2.196	0.1663E+25
2.308	0.1601E+25
2.425	0.1540E+25
2.549	0.1482E+25
2.679	0.1426E+25
2.816	0.1373E+25
2.960	0.1322E+25
3.111	0.1274E+25
3.269	0.1230E+25
3.436	0.1189E+25
3.612	0.1153E+25
3.796	0.1121E+25
3.990	0.1095E+25
4.193	0.1073E+25
4.407	0.1057E+25
4.632	0.1044E+25
4.868	0.1036E+25
5.117	0.1032E+25
5.378	0.1030E+25
5.652	0.1030E+25
5.941	0.1031E+25
6.244	0.1033E+25
6.562	0.1036E+25
6.897	0.1040E+25
7.249	0.1043E+25
7.619	0.1046E+25
8.008	0.1048E+25
8.416	0.1050E+25
8.846	0.1052E+25
9.297	0.1053E+25
9.772	0.1053E+25
10.27	0.1053E+25
10.79	0.1052E+25
11.35	0.1051E+25
11.92	0.1049E+25
12.53	0.1046E+25
13.17	0.1043E+25
13.84	0.1039E+25
14.55	0.1035E+25
15.29	0.1031E+25
16.07	0.1026E+25
16.89	0.1021E+25
17.76	0.1016E+25
18.66	0.1010E+25
19.61	0.1004E+25
20.61	0.9975E+24
21.67	0.9910E+24
22.77	0.9843E+24
23.93	0.9774E+24
25.15	0.9703E+24
26.44	0.9631E+24
27.79	0.9559E+24
29.21	0.9485E+24
30.70	0.9412E+24
32.26	0.9338E+24
33.91	0.9264E+24
35.64	0.9190E+24
37.46	0.9116E+24
39.37	0.9043E+24
41.38	0.8971E+24
43.49	0.8900E+24
45.71	0.8829E+24
48.04	0.8760E+24
50.49	0.8691E+24
53.07	0.8625E+24
55.77	0.8559E+24
58.62	0.8495E+24
61.61	0.8432E+24
64.75	0.8371E+24
68.06	0.8311E+24
71.53	0.8252E+24
75.18	0.8195E+24
79.02	0.8139E+24
83.05	0.8084E+24
87.29	0.8031E+24
91.74	0.7978E+24
96.42	0.7927E+24
101.3	0.7877E+24
106.5	0.7827E+24
111.9	0.7779E+24
117.7	0.7731E+24
123.7	0.7685E+24
130.0	0.7638E+24
136.6	0.7593E+24
143.6	0.7548E+24
150.9	0.7503E+24
158.6	0.7459E+24
166.7	0.7416E+24
175.2	0.7372E+24
184.1	0.7329E+24
193.5	0.7286E+24
203.4	0.7244E+24
213.8	0.7201E+24
224.7	0.7158E+24
236.2	0.7116E+24
248.2	0.7074E+24
260.9	0.7031E+24
274.2	0.6989E+24
288.2	0.6946E+24
302.9	0.6903E+24
318.3	0.6861E+24
334.6	0.6818E+24
351.7	0.6776E+24
369.6	0.6734E+24
388.5	0.6691E+24
408.3	0.6649E+24
429.1	0.6607E+24
451.0	0.6565E+24
474.0	0.6523E+24
498.2	0.6482E+24
523.6	0.6440E+24
550.4	0.6399E+24
578.4	0.6359E+24
608.0	0.6318E+24
639.0	0.6277E+24
671.6	0.6237E+24
705.8	0.6196E+24
741.9	0.6156E+24
779.7	0.6116E+24
819.5	0.6075E+24
861.3	0.6035E+24
905.3	0.5994E+24
951.5	0.5952E+24
1000.	0.5911E+24
 
 
E/N (Td)	Diffusion coefficient *N (1/m/s)
0.5000E-01	0.3082E+26
0.5255E-01	0.3036E+26
0.5523E-01	0.2989E+26
0.5805E-01	0.2943E+26
0.6101E-01	0.2898E+26
0.6413E-01	0.2853E+26
0.6740E-01	0.2808E+26
0.7084E-01	0.2763E+26
0.7445E-01	0.2720E+26
0.7825E-01	0.2676E+26
0.8224E-01	0.2632E+26
0.8644E-01	0.2590E+26
0.9085E-01	0.2548E+26
0.9549E-01	0.2507E+26
0.1004	0.2466E+26
0.1055	0.2426E+26
0.1109	0.2386E+26
0.1165	0.2347E+26
0.1225	0.2309E+26
0.1287	0.2271E+26
0.1353	0.2234E+26
0.1422	0.2197E+26
0.1494	0.2161E+26
0.1571	0.2126E+26
0.1651	0.2091E+26
0.1735	0.2057E+26
0.1824	0.2023E+26
0.1917	0.1990E+26
0.2014	0.1958E+26
0.2117	0.1926E+26
0.2225	0.1896E+26
0.2339	0.1865E+26
0.2458	0.1836E+26
0.2583	0.1808E+26
0.2715	0.1780E+26
0.2854	0.1752E+26
0.2999	0.1725E+26
0.3153	0.1698E+26
0.3313	0.1672E+26
0.3482	0.1647E+26
0.3660	0.1622E+26
0.3847	0.1597E+26
0.4043	0.1573E+26
0.4250	0.1550E+26
0.4466	0.1526E+26
0.4694	0.1504E+26
0.4934	0.1482E+26
0.5186	0.1460E+26
0.5450	0.1441E+26
0.5728	0.1420E+26
0.6020	0.1399E+26
0.6328	0.1378E+26
0.6651	0.1358E+26
0.6990	0.1339E+26
0.7347	0.1319E+26
0.7721	0.1300E+26
0.8115	0.1281E+26
0.8529	0.1263E+26
0.8965	0.1245E+26
0.9422	0.1227E+26
0.9903	0.1209E+26
1.041	0.1192E+26
1.094	0.1175E+26
1.150	0.1158E+26
1.208	0.1146E+26
1.270	0.1130E+26
1.335	0.1114E+26
1.403	0.1098E+26
1.475	0.1083E+26
1.550	0.1067E+26
1.629	0.1053E+26
1.712	0.1037E+26
1.799	0.1023E+26
1.891	0.1009E+26
1.988	0.9952E+25
2.089	0.9816E+25
2.196	0.9682E+25
2.308	0.9550E+25
2.425	0.9421E+25
2.549	0.9293E+25
2.679	0.9168E+25
2.816	0.9046E+25
2.960	0.8926E+25
3.111	0.8805E+25
3.269	0.8694E+25
3.436	0.8588E+25
3.612	0.8489E+25
3.796	0.8398E+25
3.990	0.8316E+25
4.193	0.8244E+25
4.407	0.8182E+25
4.632	0.8130E+25
4.868	0.8086E+25
5.117	0.8052E+25
5.378	0.8024E+25
5.652	0.8002E+25
5.941	0.7985E+25
6.244	0.7971E+25
6.562	0.7961E+25
6.897	0.7953E+25
7.249	0.7942E+25
7.619	0.7936E+25
8.008	0.7930E+25
8.416	0.7924E+25
8.846	0.7918E+25
9.297	0.7912E+25
9.772	0.7905E+25
10.27	0.7898E+25
10.79	0.7890E+25
11.35	0.7881E+25
11.92	0.7871E+25
12.53	0.7861E+25
13.17	0.7850E+25
13.84	0.7838E+25
14.55	0.7825E+25
15.29	0.7811E+25
16.07	0.7793E+25
16.89	0.7778E+25
17.76	0.7762E+25
18.66	0.7746E+25
19.61	0.7729E+25
20.61	0.7711E+25
21.67	0.7693E+25
22.77	0.7674E+25
23.93	0.7654E+25
25.15	0.7634E+25
26.44	0.7614E+25
27.79	0.7593E+25
29.21	0.7568E+25
30.70	0.7546E+25
32.26	0.7524E+25
33.91	0.7501E+25
35.64	0.7479E+25
37.46	0.7456E+25
39.37	0.7432E+25
41.38	0.7409E+25
43.49	0.7385E+25
45.71	0.7361E+25
48.04	0.7333E+25
50.49	0.7308E+25
53.07	0.7283E+25
55.77	0.7258E+25
58.62	0.7232E+25
61.61	0.7207E+25
64.75	0.7180E+25
68.06	0.7154E+25
71.53	0.7125E+25
75.18	0.7097E+25
79.02	0.7069E+25
83.05	0.7041E+25
87.29	0.7012E+25
91.74	0.6983E+25
96.42	0.6951E+25
101.3	0.6921E+25
106.5	0.6890E+25
111.9	0.6859E+25
117.7	0.6827E+25
123.7	0.6796E+25
130.0	0.6762E+25
136.6	0.6730E+25
143.6	0.6698E+25
150.9	0.6665E+25
158.6	0.6633E+25
166.7	0.6601E+25
175.2	0.6569E+25
184.1	0.6537E+25
193.5	0.6506E+25
203.4	0.6476E+25
213.8	0.6446E+25
224.7	0.6416E+25
236.2	0.6388E+25
248.2	0.6361E+25
260.9	0.6335E+25
274.2	0.6309E+25
288.2	0.6285E+25
302.9	0.6262E+25
318.3	0.6241E+25
334.6	0.6222E+25
351.7	0.6204E+25
369.6	0.6190E+25
388.5	0.6177E+25
408.3	0.6166E+25
429.1	0.6158E+25
451.0	0.6153E+25
474.0	0.6152E+25
498.2	0.6155E+25
523.6	0.6161E+25
550.4	0.6172E+25
578.4	0.6189E+25
608.0	0.6211E+25
639.0	0.6238E+25
671.6	0.6271E+25
705.8	0.6311E+25
741.9	0.6359E+25
779.7	0.6415E+25
819.5	0.6480E+25
861.3	0.6554E+25
905.3	0.6638E+25
951.5	0.6733E+25
1000.	0.6840E+25
 
 
E/N (Td)	Energy mobility *N (1/m/V/s)
0.5000E-01	0.4067E+26
0.5255E-01	0.3921E+26
0.5523E-01	0.3780E+26
0.5805E-01	0.3645E+26
0.6101E-01	0.3514E+26
0.6413E-01	0.3389E+26
0.6740E-01	0.3268E+26
0.7084E-01	0.3152E+26
0.7445E-01	0.3040E+26
0.7825E-01	0.2933E+26
0.8224E-01	0.2829E+26
0.8644E-01	0.2729E+26
0.9085E-01	0.2633E+26
0.9549E-01	0.2541E+26
0.1004	0.2452E+26
0.1055	0.2366E+26
0.1109	0.2283E+26
0.1165	0.2203E+26
0.1225	0.2126E+26
0.1287	0.2052E+26
0.1353	0.1980E+26
0.1422	0.1911E+26
0.1494	0.1844E+26
0.1571	0.1779E+26
0.1651	0.1717E+26
0.1735	0.1656E+26
0.1824	0.1597E+26
0.1917	0.1541E+26
0.2014	0.1486E+26
0.2117	0.1432E+26
0.2225	0.1381E+26
0.2339	0.1331E+26
0.2458	0.1283E+26
0.2583	0.1236E+26
0.2715	0.1191E+26
0.2854	0.1148E+26
0.2999	0.1106E+26
0.3153	0.1065E+26
0.3313	0.1026E+26
0.3482	0.9888E+25
0.3660	0.9525E+25
0.3847	0.9175E+25
0.4043	0.8838E+25
0.4250	0.8514E+25
0.4466	0.8202E+25
0.4694	0.7902E+25
0.4934	0.7613E+25
0.5186	0.7335E+25
0.5450	0.7067E+25
0.5728	0.6809E+25
0.6020	0.6561E+25
0.6328	0.6323E+25
0.6651	0.6093E+25
0.6990	0.5871E+25
0.7347	0.5658E+25
0.7721	0.5453E+25
0.8115	0.5253E+25
0.8529	0.5062E+25
0.8965	0.4882E+25
0.9422	0.4705E+25
0.9903	0.4534E+25
1.041	0.4369E+25
1.094	0.4210E+25
1.150	0.4057E+25
1.208	0.3909E+25
1.270	0.3766E+25
1.335	0.3628E+25
1.403	0.3495E+25
1.475	0.3367E+25
1.550	0.3242E+25
1.629	0.3122E+25
1.712	0.3006E+25
1.799	0.2894E+25
1.891	0.2786E+25
1.988	0.2682E+25
2.089	0.2581E+25
2.196	0.2484E+25
2.308	0.2390E+25
2.425	0.2300E+25
2.549	0.2213E+25
2.679	0.2129E+25
2.816	0.2049E+25
2.960	0.1973E+25
3.111	0.1901E+25
3.269	0.1833E+25
3.436	0.1771E+25
3.612	0.1713E+25
3.796	0.1662E+25
3.990	0.1616E+25
4.193	0.1576E+25
4.407	0.1542E+25
4.632	0.1513E+25
4.868	0.1490E+25
5.117	0.1470E+25
5.378	0.1454E+25
5.652	0.1441E+25
5.941	0.1430E+25
6.244	0.1422E+25
6.562	0.1415E+25
6.897	0.1409E+25
7.249	0.1404E+25
7.619	0.1400E+25
8.008	0.1396E+25
8.416	0.1393E+25
8.846	0.1389E+25
9.297	0.1386E+25
9.772	0.1383E+25
10.27	0.1379E+25
10.79	0.1376E+25
11.35	0.1372E+25
11.92	0.1368E+25
12.53	0.1364E+25
13.17	0.1360E+25
13.84	0.1356E+25
14.55	0.1351E+25
15.29	0.1346E+25
16.07	0.1341E+25
16.89	0.1336E+25
17.76	0.1331E+25
18.66	0.1325E+25
19.61	0.1319E+25
20.61	0.1313E+25
21.67	0.1307E+25
22.77	0.1301E+25
23.93	0.1295E+25
25.15	0.1288E+25
26.44	0.1282E+25
27.79	0.1275E+25
29.21	0.1268E+25
30.70	0.1261E+25
32.26	0.1254E+25
33.91	0.1247E+25
35.64	0.1240E+25
37.46	0.1233E+25
39.37	0.1226E+25
41.38	0.1219E+25
43.49	0.1213E+25
45.71	0.1206E+25
48.04	0.1199E+25
50.49	0.1192E+25
53.07	0.1185E+25
55.77	0.1179E+25
58.62	0.1172E+25
61.61	0.1166E+25
64.75	0.1159E+25
68.06	0.1153E+25
71.53	0.1147E+25
75.18	0.1141E+25
79.02	0.1135E+25
83.05	0.1130E+25
87.29	0.1124E+25
91.74	0.1119E+25
96.42	0.1114E+25
101.3	0.1109E+25
106.5	0.1104E+25
111.9	0.1099E+25
117.7	0.1095E+25
123.7	0.1090E+25
130.0	0.1086E+25
136.6	0.1082E+25
143.6	0.1078E+25
150.9	0.1074E+25
158.6	0.1070E+25
166.7	0.1067E+25
175.2	0.1063E+25
184.1	0.1060E+25
193.5	0.1057E+25
203.4	0.1054E+25
213.8	0.1051E+25
224.7	0.1048E+25
236.2	0.1045E+25
248.2	0.1042E+25
260.9	0.1039E+25
274.2	0.1037E+25
288.2	0.1034E+25
302.9	0.1031E+25
318.3	0.1029E+25
334.6	0.1027E+25
351.7	0.1024E+25
369.6	0.1022E+25
388.5	0.1019E+25
408.3	0.1017E+25
429.1	0.1014E+25
451.0	0.1012E+25
474.0	0.1009E+25
498.2	0.1007E+25
523.6	0.1004E+25
550.4	0.1002E+25
578.4	0.9991E+24
608.0	0.9962E+24
639.0	0.9932E+24
671.6	0.9902E+24
705.8	0.9869E+24
741.9	0.9835E+24
779.7	0.9800E+24
819.5	0.9762E+24
861.3	0.9722E+24
905.3	0.9680E+24
951.5	0.9634E+24
1000.	0.9586E+24
 
 
E/N (Td)	Energy diffusion coef. D*N (1/m/s)
0.5000E-01	0.2433E+26
0.5255E-01	0.2385E+26
0.5523E-01	0.2337E+26
0.5805E-01	0.2291E+26
0.6101E-01	0.2245E+26
0.6413E-01	0.2201E+26
0.6740E-01	0.2158E+26
0.7084E-01	0.2115E+26
0.7445E-01	0.2074E+26
0.7825E-01	0.2034E+26
0.8224E-01	0.1994E+26
0.8644E-01	0.1956E+26
0.9085E-01	0.1918E+26
0.9549E-01	0.1882E+26
0.1004	0.1846E+26
0.1055	0.1812E+26
0.1109	0.1778E+26
0.1165	0.1746E+26
0.1225	0.1714E+26
0.1287	0.1683E+26
0.1353	0.1653E+26
0.1422	0.1624E+26
0.1494	0.1596E+26
0.1571	0.1568E+26
0.1651	0.1542E+26
0.1735	0.1516E+26
0.1824	0.1490E+26
0.1917	0.1466E+26
0.2014	0.1443E+26
0.2117	0.1420E+26
0.2225	0.1397E+26
0.2339	0.1376E+26
0.2458	0.1355E+26
0.2583	0.1334E+26
0.2715	0.1314E+26
0.2854	0.1295E+26
0.2999	0.1276E+26
0.3153	0.1257E+26
0.3313	0.1239E+26
0.3482	0.1221E+26
0.3660	0.1204E+26
0.3847	0.1187E+26
0.4043	0.1170E+26
0.4250	0.1154E+26
0.4466	0.1138E+26
0.4694	0.1122E+26
0.4934	0.1106E+26
0.5186	0.1091E+26
0.5450	0.1076E+26
0.5728	0.1061E+26
0.6020	0.1047E+26
0.6328	0.1033E+26
0.6651	0.1019E+26
0.6990	0.1005E+26
0.7347	0.9911E+25
0.7721	0.9778E+25
0.8115	0.9644E+25
0.8529	0.9514E+25
0.8965	0.9393E+25
0.9422	0.9269E+25
0.9903	0.9146E+25
1.041	0.9025E+25
1.094	0.8907E+25
1.150	0.8790E+25
1.208	0.8679E+25
1.270	0.8566E+25
1.335	0.8454E+25
1.403	0.8345E+25
1.475	0.8237E+25
1.550	0.8131E+25
1.629	0.8026E+25
1.712	0.7922E+25
1.799	0.7821E+25
1.891	0.7720E+25
1.988	0.7621E+25
2.089	0.7523E+25
2.196	0.7426E+25
2.308	0.7330E+25
2.425	0.7236E+25
2.549	0.7142E+25
2.679	0.7049E+25
2.816	0.6958E+25
2.960	0.6868E+25
3.111	0.6779E+25
3.269	0.6694E+25
3.436	0.6612E+25
3.612	0.6533E+25
3.796	0.6461E+25
3.990	0.6393E+25
4.193	0.6332E+25
4.407	0.6277E+25
4.632	0.6228E+25
4.868	0.6185E+25
5.117	0.6147E+25
5.378	0.6115E+25
5.652	0.6087E+25
5.941	0.6062E+25
6.244	0.6041E+25
6.562	0.6022E+25
6.897	0.6006E+25
7.249	0.5991E+25
7.619	0.5977E+25
8.008	0.5965E+25
8.416	0.5953E+25
8.846	0.5943E+25
9.297	0.5932E+25
9.772	0.5923E+25
10.27	0.5913E+25
10.79	0.5904E+25
11.35	0.5894E+25
11.92	0.5885E+25
12.53	0.5876E+25
13.17	0.5866E+25
13.84	0.5857E+25
14.55	0.5848E+25
15.29	0.5838E+25
16.07	0.5828E+25
16.89	0.5818E+25
17.76	0.5808E+25
18.66	0.5798E+25
19.61	0.5788E+25
20.61	0.5777E+25
21.67	0.5767E+25
22.77	0.5756E+25
23.93	0.5745E+25
25.15	0.5734E+25
26.44	0.5723E+25
27.79	0.5712E+25
29.21	0.5701E+25
30.70	0.5690E+25
32.26	0.5679E+25
33.91	0.5668E+25
35.64	0.5657E+25
37.46	0.5646E+25
39.37	0.5635E+25
41.38	0.5624E+25
43.49	0.5613E+25
45.71	0.5603E+25
48.04	0.5592E+25
50.49	0.5582E+25
53.07	0.5572E+25
55.77	0.5563E+25
58.62	0.5554E+25
61.61	0.5545E+25
64.75	0.5536E+25
68.06	0.5528E+25
71.53	0.5521E+25
75.18	0.5513E+25
79.02	0.5507E+25
83.05	0.5501E+25
87.29	0.5496E+25
91.74	0.5491E+25
96.42	0.5487E+25
101.3	0.5483E+25
106.5	0.5481E+25
111.9	0.5479E+25
117.7	0.5478E+25
123.7	0.5478E+25
130.0	0.5479E+25
136.6	0.5482E+25
143.6	0.5485E+25
150.9	0.5490E+25
158.6	0.5497E+25
166.7	0.5505E+25
175.2	0.5515E+25
184.1	0.5526E+25
193.5	0.5540E+25
203.4	0.5556E+25
213.8	0.5574E+25
224.7	0.5594E+25
236.2	0.5617E+25
248.2	0.5643E+25
260.9	0.5672E+25
274.2	0.5705E+25
288.2	0.5741E+25
302.9	0.5780E+25
318.3	0.5825E+25
334.6	0.5874E+25
351.7	0.5928E+25
369.6	0.5988E+25
388.5	0.6053E+25
408.3	0.6125E+25
429.1	0.6203E+25
451.0	0.6290E+25
474.0	0.6384E+25
498.2	0.6488E+25
523.6	0.6601E+25
550.4	0.6725E+25
578.4	0.6863E+25
608.0	0.7010E+25
639.0	0.7170E+25
671.6	0.7345E+25
705.8	0.7534E+25
741.9	0.7739E+25
779.7	0.7962E+25
819.5	0.8202E+25
861.3	0.8462E+25
905.3	0.8742E+25
951.5	0.9043E+25
1000.	0.9367E+25
 
 
E/N (Td)	Total collision freq. /N (m3/s)
0.5000E-01	0.3529E-14
0.5255E-01	0.3665E-14
0.5523E-01	0.3807E-14
0.5805E-01	0.3954E-14
0.6101E-01	0.4108E-14
0.6413E-01	0.4267E-14
0.6740E-01	0.4433E-14
0.7084E-01	0.4606E-14
0.7445E-01	0.4786E-14
0.7825E-01	0.4973E-14
0.8224E-01	0.5167E-14
0.8644E-01	0.5369E-14
0.9085E-01	0.5579E-14
0.9549E-01	0.5798E-14
0.1004	0.6025E-14
0.1055	0.6260E-14
0.1109	0.6505E-14
0.1165	0.6760E-14
0.1225	0.7024E-14
0.1287	0.7298E-14
0.1353	0.7583E-14
0.1422	0.7878E-14
0.1494	0.8185E-14
0.1571	0.8503E-14
0.1651	0.8832E-14
0.1735	0.9174E-14
0.1824	0.9528E-14
0.1917	0.9895E-14
0.2014	0.1028E-13
0.2117	0.1067E-13
0.2225	0.1108E-13
0.2339	0.1150E-13
0.2458	0.1194E-13
0.2583	0.1239E-13
0.2715	0.1286E-13
0.2854	0.1335E-13
0.2999	0.1386E-13
0.3153	0.1438E-13
0.3313	0.1492E-13
0.3482	0.1549E-13
0.3660	0.1607E-13
0.3847	0.1668E-13
0.4043	0.1730E-13
0.4250	0.1796E-13
0.4466	0.1863E-13
0.4694	0.1934E-13
0.4934	0.2007E-13
0.5186	0.2082E-13
0.5450	0.2161E-13
0.5728	0.2243E-13
0.6020	0.2327E-13
0.6328	0.2415E-13
0.6651	0.2507E-13
0.6990	0.2602E-13
0.7347	0.2700E-13
0.7721	0.2803E-13
0.8115	0.2909E-13
0.8529	0.3019E-13
0.8965	0.3133E-13
0.9422	0.3252E-13
0.9903	0.3376E-13
1.041	0.3504E-13
1.094	0.3637E-13
1.150	0.3775E-13
1.208	0.3918E-13
1.270	0.4066E-13
1.335	0.4220E-13
1.403	0.4380E-13
1.475	0.4546E-13
1.550	0.4717E-13
1.629	0.4896E-13
1.712	0.5081E-13
1.799	0.5272E-13
1.891	0.5471E-13
1.988	0.5677E-13
2.089	0.5891E-13
2.196	0.6113E-13
2.308	0.6342E-13
2.425	0.6581E-13
2.549	0.6828E-13
2.679	0.7084E-13
2.816	0.7349E-13
2.960	0.7622E-13
3.111	0.7901E-13
3.269	0.8184E-13
3.436	0.8469E-13
3.612	0.8751E-13
3.796	0.9025E-13
3.990	0.9288E-13
4.193	0.9536E-13
4.407	0.9766E-13
4.632	0.9976E-13
4.868	0.1016E-12
5.117	0.1033E-12
5.378	0.1048E-12
5.652	0.1062E-12
5.941	0.1073E-12
6.244	0.1084E-12
6.562	0.1093E-12
6.897	0.1101E-12
7.249	0.1109E-12
7.619	0.1116E-12
8.008	0.1122E-12
8.416	0.1128E-12
8.846	0.1134E-12
9.297	0.1139E-12
9.772	0.1145E-12
10.27	0.1150E-12
10.79	0.1156E-12
11.35	0.1161E-12
11.92	0.1167E-12
12.53	0.1172E-12
13.17	0.1178E-12
13.84	0.1184E-12
14.55	0.1189E-12
15.29	0.1195E-12
16.07	0.1202E-12
16.89	0.1208E-12
17.76	0.1215E-12
18.66	0.1221E-12
19.61	0.1228E-12
20.61	0.1236E-12
21.67	0.1243E-12
22.77	0.1251E-12
23.93	0.1259E-12
25.15	0.1267E-12
26.44	0.1275E-12
27.79	0.1283E-12
29.21	0.1292E-12
30.70	0.1301E-12
32.26	0.1310E-12
33.91	0.1320E-12
35.64	0.1329E-12
37.46	0.1339E-12
39.37	0.1349E-12
41.38	0.1359E-12
43.49	0.1370E-12
45.71	0.1380E-12
48.04	0.1391E-12
50.49	0.1402E-12
53.07	0.1413E-12
55.77	0.1425E-12
58.62	0.1436E-12
61.61	0.1448E-12
64.75	0.1459E-12
68.06	0.1471E-12
71.53	0.1483E-12
75.18	0.1495E-12
79.02	0.1507E-12
83.05	0.1520E-12
87.29	0.1532E-12
91.74	0.1545E-12
96.42	0.1558E-12
101.3	0.1570E-12
106.5	0.1583E-12
111.9	0.1596E-12
117.7	0.1609E-12
123.7	0.1623E-12
130.0	0.1636E-12
136.6	0.1649E-12
143.6	0.1663E-12
150.9	0.1676E-12
158.6	0.1690E-12
166.7	0.1704E-12
175.2	0.1718E-12
184.1	0.1732E-12
193.5	0.1746E-12
203.4	0.1761E-12
213.8	0.1775E-12
224.7	0.1790E-12
236.2	0.1805E-12
248.2	0.1820E-12
260.9	0.1835E-12
274.2	0.1850E-12
288.2	0.1866E-12
302.9	0.1882E-12
318.3	0.1898E-12
334.6	0.1914E-12
351.7	0.1930E-12
369.6	0.1947E-12
388.5	0.1964E-12
408.3	0.1982E-12
429.1	0.1999E-12
451.0	0.2017E-12
474.0	0.2035E-12
498.2	0.2054E-12
523.6	0.2072E-12
550.4	0.2091E-12
578.4	0.2111E-12
608.0	0.2130E-12
639.0	0.2150E-12
671.6	0.2170E-12
705.8	0.2190E-12
741.9	0.2210E-12
779.7	0.2231E-12
819.5	0.2251E-12
861.3	0.2272E-12
905.3	0.2293E-12
951.5	0.2314E-12
1000.	0.2335E-12
 
 
E/N (Td)	Momentum frequency /N (m3/s)
0.5000E-01	0.6462E-14
0.5255E-01	0.6704E-14
0.5523E-01	0.6955E-14
0.5805E-01	0.7215E-14
0.6101E-01	0.7484E-14
0.6413E-01	0.7762E-14
0.6740E-01	0.8051E-14
0.7084E-01	0.8349E-14
0.7445E-01	0.8658E-14
0.7825E-01	0.8978E-14
0.8224E-01	0.9308E-14
0.8644E-01	0.9650E-14
0.9085E-01	0.1000E-13
0.9549E-01	0.1037E-13
0.1004	0.1075E-13
0.1055	0.1114E-13
0.1109	0.1154E-13
0.1165	0.1196E-13
0.1225	0.1240E-13
0.1287	0.1285E-13
0.1353	0.1331E-13
0.1422	0.1379E-13
0.1494	0.1429E-13
0.1571	0.1481E-13
0.1651	0.1535E-13
0.1735	0.1591E-13
0.1824	0.1649E-13
0.1917	0.1709E-13
0.2014	0.1772E-13
0.2117	0.1837E-13
0.2225	0.1905E-13
0.2339	0.1976E-13
0.2458	0.2049E-13
0.2583	0.2126E-13
0.2715	0.2206E-13
0.2854	0.2289E-13
0.2999	0.2375E-13
0.3153	0.2465E-13
0.3313	0.2558E-13
0.3482	0.2655E-13
0.3660	0.2756E-13
0.3847	0.2861E-13
0.4043	0.2970E-13
0.4250	0.3083E-13
0.4466	0.3201E-13
0.4694	0.3323E-13
0.4934	0.3449E-13
0.5186	0.3580E-13
0.5450	0.3716E-13
0.5728	0.3857E-13
0.6020	0.4004E-13
0.6328	0.4155E-13
0.6651	0.4313E-13
0.6990	0.4476E-13
0.7347	0.4645E-13
0.7721	0.4820E-13
0.8115	0.5002E-13
0.8529	0.5191E-13
0.8965	0.5388E-13
0.9422	0.5591E-13
0.9903	0.5802E-13
1.041	0.6021E-13
1.094	0.6248E-13
1.150	0.6484E-13
1.208	0.6730E-13
1.270	0.6984E-13
1.335	0.7249E-13
1.403	0.7525E-13
1.475	0.7812E-13
1.550	0.8110E-13
1.629	0.8420E-13
1.712	0.8744E-13
1.799	0.9081E-13
1.891	0.9431E-13
1.988	0.9797E-13
2.089	0.1018E-12
2.196	0.1058E-12
2.308	0.1099E-12
2.425	0.1142E-12
2.549	0.1187E-12
2.679	0.1233E-12
2.816	0.1281E-12
2.960	0.1330E-12
3.111	0.1380E-12
3.269	0.1430E-12
3.436	0.1479E-12
3.612	0.1526E-12
3.796	0.1569E-12
3.990	0.1607E-12
4.193	0.1639E-12
4.407	0.1665E-12
4.632	0.1684E-12
4.868	0.1697E-12
5.117	0.1705E-12
5.378	0.1708E-12
5.652	0.1708E-12
5.941	0.1706E-12
6.244	0.1702E-12
6.562	0.1697E-12
6.897	0.1692E-12
7.249	0.1687E-12
7.619	0.1682E-12
8.008	0.1678E-12
8.416	0.1674E-12
8.846	0.1672E-12
9.297	0.1671E-12
9.772	0.1670E-12
10.27	0.1671E-12
10.79	0.1672E-12
11.35	0.1674E-12
11.92	0.1677E-12
12.53	0.1681E-12
13.17	0.1686E-12
13.84	0.1692E-12
14.55	0.1699E-12
15.29	0.1706E-12
16.07	0.1714E-12
16.89	0.1722E-12
17.76	0.1732E-12
18.66	0.1742E-12
19.61	0.1752E-12
20.61	0.1763E-12
21.67	0.1775E-12
22.77	0.1787E-12
23.93	0.1800E-12
25.15	0.1813E-12
26.44	0.1826E-12
27.79	0.1840E-12
29.21	0.1854E-12
30.70	0.1869E-12
32.26	0.1884E-12
33.91	0.1899E-12
35.64	0.1914E-12
37.46	0.1929E-12
39.37	0.1945E-12
41.38	0.1961E-12
43.49	0.1976E-12
45.71	0.1992E-12
48.04	0.2008E-12
50.49	0.2024E-12
53.07	0.2039E-12
55.77	0.2055E-12
58.62	0.2070E-12
61.61	0.2086E-12
64.75	0.2101E-12
68.06	0.2116E-12
71.53	0.2131E-12
75.18	0.2146E-12
79.02	0.2161E-12
83.05	0.2176E-12
87.29	0.2190E-12
91.74	0.2205E-12
96.42	0.2219E-12
101.3	0.2233E-12
106.5	0.2247E-12
111.9	0.2261E-12
117.7	0.2275E-12
123.7	0.2289E-12
130.0	0.2303E-12
136.6	0.2316E-12
143.6	0.2330E-12
150.9	0.2344E-12
158.6	0.2358E-12
166.7	0.2372E-12
175.2	0.2386E-12
184.1	0.2400E-12
193.5	0.2414E-12
203.4	0.2428E-12
213.8	0.2443E-12
224.7	0.2457E-12
236.2	0.2472E-12
248.2	0.2487E-12
260.9	0.2502E-12
274.2	0.2517E-12
288.2	0.2532E-12
302.9	0.2548E-12
318.3	0.2564E-12
334.6	0.2580E-12
351.7	0.2596E-12
369.6	0.2612E-12
388.5	0.2629E-12
408.3	0.2645E-12
429.1	0.2662E-12
451.0	0.2679E-12
474.0	0.2696E-12
498.2	0.2714E-12
523.6	0.2731E-12
550.4	0.2749E-12
578.4	0.2766E-12
608.0	0.2784E-12
639.0	0.2802E-12
671.6	0.2820E-12
705.8	0.2839E-12
741.9	0.2857E-12
779.7	0.2876E-12
819.5	0.2895E-12
861.3	0.2915E-12
905.3	0.2934E-12
951.5	0.2955E-12
1000.	0.2976E-12
 
 
E/N (Td)	Total ionization freq. /N (m3/s)
0.5000E-01	0.000
0.5255E-01	0.000
0.5523E-01	0.000
0.5805E-01	0.000
0.6101E-01	0.000
0.6413E-01	0.000
0.6740E-01	0.000
0.7084E-01	0.000
0.7445E-01	0.000
0.7825E-01	0.000
0.8224E-01	0.000
0.8644E-01	0.000
0.9085E-01	0.000
0.9549E-01	0.000
0.1004	0.000
0.1055	0.000
0.1109	0.000
0.1165	0.000
0.1225	0.000
0.1287	0.000
0.1353	0.000
0.1422	0.000
0.1494	0.000
0.1571	0.000
0.1651	0.000
0.1735	0.000
0.1824	0.000
0.1917	0.000
0.2014	0.000
0.2117	0.000
0.2225	0.000
0.2339	0.000
0.2458	0.000
0.2583	0.000
0.2715	0.000
0.2854	0.000
0.2999	0.000
0.3153	0.000
0.3313	0.000
0.3482	0.000
0.3660	0.000
0.3847	0.000
0.4043	0.000
0.4250	0.000
0.4466	0.000
0.4694	0.000
0.4934	0.000
0.5186	0.000
0.5450	0.000
0.5728	0.000
0.6020	0.000
0.6328	0.000
0.6651	0.000
0.6990	0.000
0.7347	0.000
0.7721	0.000
0.8115	0.000
0.8529	0.000
0.8965	0.000
0.9422	0.000
0.9903	0.000
1.041	0.000
1.094	0.000
1.150	0.000
1.208	0.000
1.270	0.000
1.335	0.000
1.403	0.000
1.475	0.000
1.550	0.000
1.629	0.000
1.712	0.000
1.799	0.000
1.891	0.000
1.988	0.000
2.089	0.000
2.196	0.000
2.308	0.000
2.425	0.000
2.549	0.000
2.679	0.000
2.816	0.000
2.960	0.000
3.111	0.5923E-37
3.269	0.7983E-36
3.436	0.9151E-35
3.612	0.9012E-34
3.796	0.7697E-33
3.990	0.5755E-32
4.193	0.3801E-31
4.407	0.2237E-30
4.632	0.1183E-29
4.868	0.5662E-29
5.117	0.2472E-28
5.378	0.9908E-28
5.652	0.3670E-27
5.941	0.1264E-26
6.244	0.4063E-26
6.562	0.1227E-25
6.897	0.3491E-25
7.249	0.9887E-25
7.619	0.2542E-24
8.008	0.6235E-24
8.416	0.1464E-23
8.846	0.3299E-23
9.297	0.7154E-23
9.772	0.1496E-22
10.27	0.3026E-22
10.79	0.5925E-22
11.35	0.1126E-21
11.92	0.2081E-21
12.53	0.3743E-21
13.17	0.6567E-21
13.84	0.1125E-20
14.55	0.1885E-20
15.29	0.3092E-20
16.07	0.4982E-20
16.89	0.7858E-20
17.76	0.1218E-19
18.66	0.1855E-19
19.61	0.2782E-19
20.61	0.4108E-19
21.67	0.5981E-19
22.77	0.8588E-19
23.93	0.1217E-18
25.15	0.1705E-18
26.44	0.2359E-18
27.79	0.3229E-18
29.21	0.4375E-18
30.70	0.5866E-18
32.26	0.7790E-18
33.91	0.1025E-17
35.64	0.1337E-17
37.46	0.1730E-17
39.37	0.2221E-17
41.38	0.2830E-17
43.49	0.3580E-17
45.71	0.4497E-17
48.04	0.5613E-17
50.49	0.6962E-17
53.07	0.8583E-17
55.77	0.1052E-16
58.62	0.1283E-16
61.61	0.1556E-16
64.75	0.1878E-16
68.06	0.2255E-16
71.53	0.2696E-16
75.18	0.3210E-16
79.02	0.3805E-16
83.05	0.4493E-16
87.29	0.5286E-16
91.74	0.6195E-16
96.42	0.7237E-16
101.3	0.8426E-16
106.5	0.9781E-16
111.9	0.1132E-15
117.7	0.1306E-15
123.7	0.1503E-15
130.0	0.1726E-15
136.6	0.1977E-15
143.6	0.2259E-15
150.9	0.2575E-15
158.6	0.2930E-15
166.7	0.3327E-15
175.2	0.3771E-15
184.1	0.4267E-15
193.5	0.4820E-15
203.4	0.5436E-15
213.8	0.6121E-15
224.7	0.6883E-15
236.2	0.7729E-15
248.2	0.8667E-15
260.9	0.9707E-15
274.2	0.1086E-14
288.2	0.1213E-14
302.9	0.1354E-14
318.3	0.1510E-14
334.6	0.1682E-14
351.7	0.1872E-14
369.6	0.2081E-14
388.5	0.2312E-14
408.3	0.2566E-14
429.1	0.2845E-14
451.0	0.3152E-14
474.0	0.3489E-14
498.2	0.3860E-14
523.6	0.4266E-14
550.4	0.4711E-14
578.4	0.5199E-14
608.0	0.5731E-14
639.0	0.6313E-14
671.6	0.6947E-14
705.8	0.7638E-14
741.9	0.8391E-14
779.7	0.9209E-14
819.5	0.1010E-13
861.3	0.1106E-13
905.3	0.1209E-13
951.5	0.1322E-13
1000.	0.1442E-13
 
 
E/N (Td)	Townsend ioniz. coef. alpha/N (m2)
0.5000E-01	0.000
0.5255E-01	0.000
0.5523E-01	0.000
0.5805E-01	0.000
0.6101E-01	0.000
0.6413E-01	0.000
0.6740E-01	0.000
0.7084E-01	0.000
0.7445E-01	0.000
0.7825E-01	0.000
0.8224E-01	0.000
0.8644E-01	0.000
0.9085E-01	0.000
0.9549E-01	0.000
0.1004	0.000
0.1055	0.000
0.1109	0.000
0.1165	0.000
0.1225	0.000
0.1287	0.000
0.1353	0.000
0.1422	0.000
0.1494	0.000
0.1571	0.000
0.1651	0.000
0.1735	0.000
0.1824	0.000
0.1917	0.000
0.2014	0.000
0.2117	0.000
0.2225	0.000
0.2339	0.000
0.2458	0.000
0.2583	0.000
0.2715	0.000
0.2854	0.000
0.2999	0.000
0.3153	0.000
0.3313	0.000
0.3482	0.000
0.3660	0.000
0.3847	0.000
0.4043	0.000
0.4250	0.000
0.4466	0.000
0.4694	0.000
0.4934	0.000
0.5186	0.000
0.5450	0.000
0.5728	0.000
0.6020	0.000
0.6328	0.000
0.6651	0.000
0.6990	0.000
0.7347	0.000
0.7721	0.000
0.8115	0.000
0.8529	0.000
0.8965	0.000
0.9422	0.000
0.9903	0.000
1.041	0.000
1.094	0.000
1.150	0.000
1.208	0.000
1.270	0.000
1.335	0.000
1.403	0.000
1.475	0.000
1.550	0.000
1.629	0.000
1.712	0.000
1.799	0.000
1.891	0.000
1.988	0.000
2.089	0.000
2.196	0.000
2.308	0.000
2.425	0.000
2.549	0.000
2.679	0.000
2.816	0.000
2.960	0.000
3.111	0.1494E-40
3.269	0.1985E-39
3.436	0.2239E-38
3.612	0.2164E-37
3.796	0.1809E-36
3.990	0.1318E-35
4.193	0.8448E-35
4.407	0.4805E-34
4.632	0.2445E-33
4.868	0.1122E-32
5.117	0.4683E-32
5.378	0.1790E-31
5.652	0.6307E-31
5.941	0.2063E-30
6.244	0.6297E-30
6.562	0.1803E-29
6.897	0.4868E-29
7.249	0.1308E-28
7.619	0.3190E-28
8.008	0.7427E-28
8.416	0.1656E-27
8.846	0.3545E-27
9.297	0.7309E-27
9.772	0.1454E-26
10.27	0.2798E-26
10.79	0.5218E-26
11.35	0.9448E-26
11.92	0.1664E-25
12.53	0.2855E-25
13.17	0.4780E-25
13.84	0.7819E-25
14.55	0.1251E-24
15.29	0.1961E-24
16.07	0.3020E-24
16.89	0.4555E-24
17.76	0.6752E-24
18.66	0.9844E-24
19.61	0.1413E-23
20.61	0.1998E-23
21.67	0.2785E-23
22.77	0.3832E-23
23.93	0.5205E-23
25.15	0.6984E-23
26.44	0.9266E-23
27.79	0.1216E-22
29.21	0.1579E-22
30.70	0.2031E-22
32.26	0.2586E-22
33.91	0.3264E-22
35.64	0.4084E-22
37.46	0.5068E-22
39.37	0.6240E-22
41.38	0.7624E-22
43.49	0.9250E-22
45.71	0.1114E-21
48.04	0.1334E-21
50.49	0.1586E-21
53.07	0.1875E-21
55.77	0.2204E-21
58.62	0.2576E-21
61.61	0.2995E-21
64.75	0.3464E-21
68.06	0.3987E-21
71.53	0.4568E-21
75.18	0.5210E-21
79.02	0.5917E-21
83.05	0.6692E-21
87.29	0.7540E-21
91.74	0.8465E-21
96.42	0.9469E-21
101.3	0.1056E-20
106.5	0.1173E-20
111.9	0.1300E-20
117.7	0.1436E-20
123.7	0.1582E-20
130.0	0.1738E-20
136.6	0.1906E-20
143.6	0.2084E-20
150.9	0.2274E-20
158.6	0.2477E-20
166.7	0.2692E-20
175.2	0.2920E-20
184.1	0.3162E-20
193.5	0.3418E-20
203.4	0.3689E-20
213.8	0.3976E-20
224.7	0.4279E-20
236.2	0.4599E-20
248.2	0.4937E-20
260.9	0.5292E-20
274.2	0.5667E-20
288.2	0.6062E-20
302.9	0.6478E-20
318.3	0.6915E-20
334.6	0.7374E-20
351.7	0.7857E-20
369.6	0.8363E-20
388.5	0.8895E-20
408.3	0.9452E-20
429.1	0.1004E-19
451.0	0.1065E-19
474.0	0.1129E-19
498.2	0.1195E-19
523.6	0.1265E-19
550.4	0.1338E-19
578.4	0.1413E-19
608.0	0.1492E-19
639.0	0.1574E-19
671.6	0.1659E-19
705.8	0.1746E-19
741.9	0.1837E-19
779.7	0.1931E-19
819.5	0.2028E-19
861.3	0.2127E-19
905.3	0.2229E-19
951.5	0.2333E-19
1000.	0.2440E-19
 
 
E/N (Td)	Power /N (eV m3/s)
0.5000E-01	0.6805E-19
0.5255E-01	0.7245E-19
0.5523E-01	0.7715E-19
0.5805E-01	0.8215E-19
0.6101E-01	0.8749E-19
0.6413E-01	0.9317E-19
0.6740E-01	0.9924E-19
0.7084E-01	0.1057E-18
0.7445E-01	0.1126E-18
0.7825E-01	0.1200E-18
0.8224E-01	0.1278E-18
0.8644E-01	0.1362E-18
0.9085E-01	0.1451E-18
0.9549E-01	0.1546E-18
0.1004	0.1648E-18
0.1055	0.1757E-18
0.1109	0.1872E-18
0.1165	0.1996E-18
0.1225	0.2128E-18
0.1287	0.2268E-18
0.1353	0.2418E-18
0.1422	0.2578E-18
0.1494	0.2748E-18
0.1571	0.2929E-18
0.1651	0.3122E-18
0.1735	0.3328E-18
0.1824	0.3547E-18
0.1917	0.3780E-18
0.2014	0.4027E-18
0.2117	0.4291E-18
0.2225	0.4571E-18
0.2339	0.4869E-18
0.2458	0.5185E-18
0.2583	0.5521E-18
0.2715	0.5879E-18
0.2854	0.6259E-18
0.2999	0.6662E-18
0.3153	0.7092E-18
0.3313	0.7548E-18
0.3482	0.8033E-18
0.3660	0.8548E-18
0.3847	0.9097E-18
0.4043	0.9680E-18
0.4250	0.1030E-17
0.4466	0.1096E-17
0.4694	0.1166E-17
0.4934	0.1241E-17
0.5186	0.1321E-17
0.5450	0.1406E-17
0.5728	0.1496E-17
0.6020	0.1592E-17
0.6328	0.1695E-17
0.6651	0.1804E-17
0.6990	0.1920E-17
0.7347	0.2044E-17
0.7721	0.2175E-17
0.8115	0.2316E-17
0.8529	0.2465E-17
0.8965	0.2624E-17
0.9422	0.2793E-17
0.9903	0.2973E-17
1.041	0.3165E-17
1.094	0.3369E-17
1.150	0.3586E-17
1.208	0.3817E-17
1.270	0.4062E-17
1.335	0.4323E-17
1.403	0.4601E-17
1.475	0.4896E-17
1.550	0.5209E-17
1.629	0.5542E-17
1.712	0.5896E-17
1.799	0.6271E-17
1.891	0.6670E-17
1.988	0.7093E-17
2.089	0.7542E-17
2.196	0.8018E-17
2.308	0.8524E-17
2.425	0.9061E-17
2.549	0.9632E-17
2.679	0.1024E-16
2.816	0.1089E-16
2.960	0.1158E-16
3.111	0.1233E-16
3.269	0.1315E-16
3.436	0.1404E-16
3.612	0.1504E-16
3.796	0.1616E-16
3.990	0.1742E-16
4.193	0.1887E-16
4.407	0.2052E-16
4.632	0.2241E-16
4.868	0.2456E-16
5.117	0.2701E-16
5.378	0.2978E-16
5.652	0.3289E-16
5.941	0.3639E-16
6.244	0.4029E-16
6.562	0.4464E-16
6.897	0.4946E-16
7.249	0.5480E-16
7.619	0.6071E-16
8.008	0.6722E-16
8.416	0.7441E-16
8.846	0.8231E-16
9.297	0.9101E-16
9.772	0.1006E-15
10.27	0.1111E-15
10.79	0.1226E-15
11.35	0.1352E-15
11.92	0.1491E-15
12.53	0.1643E-15
13.17	0.1810E-15
13.84	0.1992E-15
14.55	0.2192E-15
15.29	0.2411E-15
16.07	0.2651E-15
16.89	0.2914E-15
17.76	0.3202E-15
18.66	0.3517E-15
19.61	0.3862E-15
20.61	0.4239E-15
21.67	0.4652E-15
22.77	0.5104E-15
23.93	0.5599E-15
25.15	0.6140E-15
26.44	0.6732E-15
27.79	0.7381E-15
29.21	0.8091E-15
30.70	0.8868E-15
32.26	0.9719E-15
33.91	0.1065E-14
35.64	0.1167E-14
37.46	0.1279E-14
39.37	0.1402E-14
41.38	0.1536E-14
43.49	0.1683E-14
45.71	0.1845E-14
48.04	0.2021E-14
50.49	0.2216E-14
53.07	0.2429E-14
55.77	0.2663E-14
58.62	0.2919E-14
61.61	0.3201E-14
64.75	0.3510E-14
68.06	0.3850E-14
71.53	0.4223E-14
75.18	0.4632E-14
79.02	0.5082E-14
83.05	0.5576E-14
87.29	0.6119E-14
91.74	0.6715E-14
96.42	0.7370E-14
101.3	0.8090E-14
106.5	0.8880E-14
111.9	0.9749E-14
117.7	0.1070E-13
123.7	0.1175E-13
130.0	0.1290E-13
136.6	0.1417E-13
143.6	0.1556E-13
150.9	0.1709E-13
158.6	0.1876E-13
166.7	0.2061E-13
175.2	0.2263E-13
184.1	0.2485E-13
193.5	0.2729E-13
203.4	0.2997E-13
213.8	0.3291E-13
224.7	0.3614E-13
236.2	0.3969E-13
248.2	0.4358E-13
260.9	0.4785E-13
274.2	0.5254E-13
288.2	0.5769E-13
302.9	0.6333E-13
318.3	0.6953E-13
334.6	0.7633E-13
351.7	0.8379E-13
369.6	0.9199E-13
388.5	0.1010E-12
408.3	0.1108E-12
429.1	0.1217E-12
451.0	0.1335E-12
474.0	0.1466E-12
498.2	0.1609E-12
523.6	0.1766E-12
550.4	0.1938E-12
578.4	0.2128E-12
608.0	0.2335E-12
639.0	0.2563E-12
671.6	0.2813E-12
705.8	0.3087E-12
741.9	0.3388E-12
779.7	0.3718E-12
819.5	0.4080E-12
861.3	0.4477E-12
905.3	0.4912E-12
951.5	0.5389E-12
1000.	0.5911E-12
 
 
E/N (Td)	Elastic power loss /N (eV m3/s)
0.5000E-01	0.6806E-19
0.5255E-01	0.7246E-19
0.5523E-01	0.7716E-19
0.5805E-01	0.8216E-19
0.6101E-01	0.8750E-19
0.6413E-01	0.9319E-19
0.6740E-01	0.9925E-19
0.7084E-01	0.1057E-18
0.7445E-01	0.1126E-18
0.7825E-01	0.1200E-18
0.8224E-01	0.1278E-18
0.8644E-01	0.1362E-18
0.9085E-01	0.1451E-18
0.9549E-01	0.1547E-18
0.1004	0.1648E-18
0.1055	0.1757E-18
0.1109	0.1873E-18
0.1165	0.1996E-18
0.1225	0.2128E-18
0.1287	0.2269E-18
0.1353	0.2418E-18
0.1422	0.2578E-18
0.1494	0.2748E-18
0.1571	0.2930E-18
0.1651	0.3123E-18
0.1735	0.3328E-18
0.1824	0.3547E-18
0.1917	0.3780E-18
0.2014	0.4028E-18
0.2117	0.4291E-18
0.2225	0.4572E-18
0.2339	0.4869E-18
0.2458	0.5186E-18
0.2583	0.5522E-18
0.2715	0.5880E-18
0.2854	0.6260E-18
0.2999	0.6663E-18
0.3153	0.7092E-18
0.3313	0.7549E-18
0.3482	0.8033E-18
0.3660	0.8549E-18
0.3847	0.9098E-18
0.4043	0.9681E-18
0.4250	0.1030E-17
0.4466	0.1096E-17
0.4694	0.1167E-17
0.4934	0.1241E-17
0.5186	0.1321E-17
0.5450	0.1406E-17
0.5728	0.1496E-17
0.6020	0.1593E-17
0.6328	0.1695E-17
0.6651	0.1804E-17
0.6990	0.1920E-17
0.7347	0.2044E-17
0.7721	0.2176E-17
0.8115	0.2316E-17
0.8529	0.2465E-17
0.8965	0.2624E-17
0.9422	0.2793E-17
0.9903	0.2973E-17
1.041	0.3165E-17
1.094	0.3369E-17
1.150	0.3586E-17
1.208	0.3817E-17
1.270	0.4063E-17
1.335	0.4324E-17
1.403	0.4601E-17
1.475	0.4897E-17
1.550	0.5210E-17
1.629	0.5543E-17
1.712	0.5897E-17
1.799	0.6272E-17
1.891	0.6671E-17
1.988	0.7094E-17
2.089	0.7543E-17
2.196	0.8020E-17
2.308	0.8525E-17
2.425	0.9062E-17
2.549	0.9631E-17
2.679	0.1023E-16
2.816	0.1087E-16
2.960	0.1154E-16
3.111	0.1224E-16
3.269	0.1297E-16
3.436	0.1372E-16
3.612	0.1447E-16
3.796	0.1523E-16
3.990	0.1596E-16
4.193	0.1667E-16
4.407	0.1734E-16
4.632	0.1796E-16
4.868	0.1854E-16
5.117	0.1906E-16
5.378	0.1954E-16
5.652	0.1997E-16
5.941	0.2035E-16
6.244	0.2071E-16
6.562	0.2102E-16
6.897	0.2131E-16
7.249	0.2158E-16
7.619	0.2183E-16
8.008	0.2207E-16
8.416	0.2229E-16
8.846	0.2251E-16
9.297	0.2271E-16
9.772	0.2292E-16
10.27	0.2312E-16
10.79	0.2332E-16
11.35	0.2352E-16
11.92	0.2372E-16
12.53	0.2393E-16
13.17	0.2414E-16
13.84	0.2435E-16
14.55	0.2457E-16
15.29	0.2479E-16
16.07	0.2502E-16
16.89	0.2525E-16
17.76	0.2550E-16
18.66	0.2575E-16
19.61	0.2600E-16
20.61	0.2627E-16
21.67	0.2654E-16
22.77	0.2683E-16
23.93	0.2712E-16
25.15	0.2742E-16
26.44	0.2773E-16
27.79	0.2806E-16
29.21	0.2839E-16
30.70	0.2873E-16
32.26	0.2908E-16
33.91	0.2945E-16
35.64	0.2982E-16
37.46	0.3020E-16
39.37	0.3060E-16
41.38	0.3101E-16
43.49	0.3142E-16
45.71	0.3185E-16
48.04	0.3229E-16
50.49	0.3274E-16
53.07	0.3320E-16
55.77	0.3367E-16
58.62	0.3416E-16
61.61	0.3465E-16
64.75	0.3516E-16
68.06	0.3567E-16
71.53	0.3620E-16
75.18	0.3674E-16
79.02	0.3729E-16
83.05	0.3785E-16
87.29	0.3842E-16
91.74	0.3901E-16
96.42	0.3961E-16
101.3	0.4022E-16
106.5	0.4084E-16
111.9	0.4148E-16
117.7	0.4213E-16
123.7	0.4280E-16
130.0	0.4348E-16
136.6	0.4418E-16
143.6	0.4489E-16
150.9	0.4562E-16
158.6	0.4637E-16
166.7	0.4714E-16
175.2	0.4793E-16
184.1	0.4874E-16
193.5	0.4957E-16
203.4	0.5043E-16
213.8	0.5131E-16
224.7	0.5222E-16
236.2	0.5317E-16
248.2	0.5414E-16
260.9	0.5515E-16
274.2	0.5620E-16
288.2	0.5728E-16
302.9	0.5841E-16
318.3	0.5959E-16
334.6	0.6082E-16
351.7	0.6210E-16
369.6	0.6344E-16
388.5	0.6485E-16
408.3	0.6632E-16
429.1	0.6787E-16
451.0	0.6949E-16
474.0	0.7121E-16
498.2	0.7302E-16
523.6	0.7493E-16
550.4	0.7695E-16
578.4	0.7910E-16
608.0	0.8136E-16
639.0	0.8377E-16
671.6	0.8633E-16
705.8	0.8905E-16
741.9	0.9194E-16
779.7	0.9503E-16
819.5	0.9832E-16
861.3	0.1018E-15
905.3	0.1056E-15
951.5	0.1096E-15
1000.	0.1139E-15
 
 
E/N (Td)	Inelastic power loss /N (eV m3/s)
0.5000E-01	-0.2300-206
0.5255E-01	-0.2327-206
0.5523E-01	-0.2355-206
0.5805E-01	-0.2384-206
0.6101E-01	-0.2414-206
0.6413E-01	-0.2444-206
0.6740E-01	-0.2475-206
0.7084E-01	-0.2508-206
0.7445E-01	-0.2540-206
0.7825E-01	-0.2574-206
0.8224E-01	-0.2609-206
0.8644E-01	-0.2645-206
0.9085E-01	-0.2682-206
0.9549E-01	-0.2721-206
0.1004	-0.2760-206
0.1055	-0.2801-206
0.1109	-0.2843-206
0.1165	-0.2886-206
0.1225	-0.2931-206
0.1287	-0.2977-206
0.1353	-0.3025-206
0.1422	-0.3074-206
0.1494	-0.3124-206
0.1571	-0.3176-206
0.1651	-0.3230-206
0.1735	-0.3285-206
0.1824	-0.3342-206
0.1917	-0.3400-206
0.2014	-0.3460-206
0.2117	-0.3522-206
0.2225	-0.3586-206
0.2339	-0.3651-206
0.2458	-0.3718-206
0.2583	-0.3786-206
0.2715	-0.3857-206
0.2854	-0.3930-206
0.2999	-0.4004-206
0.3153	-0.4081-206
0.3313	-0.4160-206
0.3482	-0.4241-206
0.3660	-0.4325-206
0.3847	-0.4412-206
0.4043	-0.4501-206
0.4250	-0.4593-206
0.4466	-0.4689-206
0.4694	-0.4788-206
0.4934	-0.4891-206
0.5186	-0.4998-206
0.5450	-0.5109-206
0.5728	-0.5225-206
0.6020	-0.5346-206
0.6328	-0.5471-206
0.6651	-0.5602-206
0.6990	-0.5739-206
0.7347	-0.5882-206
0.7721	-0.6030-206
0.8115	-0.6186-206
0.8529	-0.6348-206
0.8965	-0.6516-206
0.9422	-0.6693-206
0.9903	-0.6876-206
1.041	-0.7068-206
1.094	-0.7266-206
1.150	-0.7473-206
1.208	0.1067E-33
1.270	0.2432E-32
1.335	0.4537E-31
1.403	0.6969E-30
1.475	0.8876E-29
1.550	0.9442E-28
1.629	0.8456E-27
1.712	0.2150E-25
1.799	0.1488E-24
1.891	0.8886E-24
1.988	0.4619E-23
2.089	0.2107E-22
2.196	0.8504E-22
2.308	0.3061E-21
2.425	0.9901E-21
2.549	0.2899E-20
2.679	0.7739E-20
2.816	0.1896E-19
2.960	0.4287E-19
3.111	0.9002E-19
3.269	0.1766E-18
3.436	0.3253E-18
3.612	0.5655E-18
3.796	0.9321E-18
3.990	0.1464E-17
4.193	0.2202E-17
4.407	0.3184E-17
4.632	0.4448E-17
4.868	0.6026E-17
5.117	0.7948E-17
5.378	0.1024E-16
5.652	0.1293E-16
5.941	0.1603E-16
6.244	0.1959E-16
6.562	0.2361E-16
6.897	0.2815E-16
7.249	0.3322E-16
7.619	0.3888E-16
8.008	0.4516E-16
8.416	0.5211E-16
8.846	0.5981E-16
9.297	0.6829E-16
9.772	0.7764E-16
10.27	0.8794E-16
10.79	0.9926E-16
11.35	0.1117E-15
11.92	0.1254E-15
12.53	0.1404E-15
13.17	0.1568E-15
13.84	0.1749E-15
14.55	0.1947E-15
15.29	0.2163E-15
16.07	0.2401E-15
16.89	0.2661E-15
17.76	0.2946E-15
18.66	0.3258E-15
19.61	0.3600E-15
20.61	0.3974E-15
21.67	0.4383E-15
22.77	0.4831E-15
23.93	0.5320E-15
25.15	0.5856E-15
26.44	0.6441E-15
27.79	0.7081E-15
29.21	0.7781E-15
30.70	0.8546E-15
32.26	0.9382E-15
33.91	0.1030E-14
35.64	0.1129E-14
37.46	0.1238E-14
39.37	0.1357E-14
41.38	0.1488E-14
43.49	0.1630E-14
45.71	0.1785E-14
48.04	0.1954E-14
50.49	0.2139E-14
53.07	0.2341E-14
55.77	0.2562E-14
58.62	0.2803E-14
61.61	0.3066E-14
64.75	0.3353E-14
68.06	0.3666E-14
71.53	0.4009E-14
75.18	0.4382E-14
79.02	0.4790E-14
83.05	0.5235E-14
87.29	0.5721E-14
91.74	0.6252E-14
96.42	0.6831E-14
101.3	0.7463E-14
106.5	0.8153E-14
111.9	0.8907E-14
117.7	0.9729E-14
123.7	0.1063E-13
130.0	0.1161E-13
136.6	0.1268E-13
143.6	0.1384E-13
150.9	0.1512E-13
158.6	0.1651E-13
166.7	0.1803E-13
175.2	0.1968E-13
184.1	0.2149E-13
193.5	0.2346E-13
203.4	0.2561E-13
213.8	0.2795E-13
224.7	0.3051E-13
236.2	0.3329E-13
248.2	0.3633E-13
260.9	0.3963E-13
274.2	0.4323E-13
288.2	0.4716E-13
302.9	0.5142E-13
318.3	0.5607E-13
334.6	0.6112E-13
351.7	0.6662E-13
369.6	0.7260E-13
388.5	0.7910E-13
408.3	0.8615E-13
429.1	0.9380E-13
451.0	0.1021E-12
474.0	0.1111E-12
498.2	0.1209E-12
523.6	0.1315E-12
550.4	0.1430E-12
578.4	0.1554E-12
608.0	0.1688E-12
639.0	0.1832E-12
671.6	0.1988E-12
705.8	0.2157E-12
741.9	0.2338E-12
779.7	0.2532E-12
819.5	0.2741E-12
861.3	0.2965E-12
905.3	0.3204E-12
951.5	0.3460E-12
1000.	0.3732E-12
 
 
E/N (Td)	Growth power /N (eV m3/s)
0.5000E-01	0.000
0.5255E-01	0.000
0.5523E-01	0.000
0.5805E-01	0.000
0.6101E-01	0.000
0.6413E-01	0.000
0.6740E-01	0.000
0.7084E-01	0.000
0.7445E-01	0.000
0.7825E-01	0.000
0.8224E-01	0.000
0.8644E-01	0.000
0.9085E-01	0.000
0.9549E-01	0.000
0.1004	0.000
0.1055	0.000
0.1109	0.000
0.1165	0.000
0.1225	0.000
0.1287	0.000
0.1353	0.000
0.1422	0.000
0.1494	0.000
0.1571	0.000
0.1651	0.000
0.1735	0.000
0.1824	0.000
0.1917	0.000
0.2014	0.000
0.2117	0.000
0.2225	0.000
0.2339	0.000
0.2458	0.000
0.2583	0.000
0.2715	0.000
0.2854	0.000
0.2999	0.000
0.3153	0.000
0.3313	0.000
0.3482	0.000
0.3660	0.000
0.3847	0.000
0.4043	0.000
0.4250	0.000
0.4466	0.000
0.4694	0.000
0.4934	0.000
0.5186	0.000
0.5450	0.000
0.5728	0.000
0.6020	0.000
0.6328	0.000
0.6651	0.000
0.6990	0.000
0.7347	0.000
0.7721	0.000
0.8115	0.000
0.8529	0.000
0.8965	0.000
0.9422	0.000
0.9903	0.000
1.041	0.000
1.094	0.000
1.150	0.000
1.208	0.000
1.270	0.000
1.335	0.000
1.403	0.000
1.475	0.000
1.550	0.000
1.629	0.000
1.712	0.000
1.799	0.000
1.891	0.000
1.988	0.000
2.089	0.000
2.196	0.000
2.308	0.000
2.425	0.000
2.549	0.000
2.679	0.000
2.816	0.000
2.960	0.000
3.111	0.2531E-36
3.269	0.3487E-35
3.436	0.4083E-34
3.612	0.4104E-33
3.796	0.3573E-32
3.990	0.2720E-31
4.193	0.1826E-30
4.407	0.1090E-29
4.632	0.5840E-29
4.868	0.2828E-28
5.117	0.1247E-27
5.378	0.5043E-27
5.652	0.1882E-26
5.941	0.6521E-26
6.244	0.2109E-25
6.562	0.6399E-25
6.897	0.1829E-24
7.249	0.5202E-24
7.619	0.1342E-23
8.008	0.3304E-23
8.416	0.7783E-23
8.846	0.1760E-22
9.297	0.3827E-22
9.772	0.8030E-22
10.27	0.1629E-21
10.79	0.3199E-21
11.35	0.6099E-21
11.92	0.1130E-20
12.53	0.2040E-20
13.17	0.3591E-20
13.84	0.6174E-20
14.55	0.1038E-19
15.29	0.1709E-19
16.07	0.2763E-19
16.89	0.4376E-19
17.76	0.6807E-19
18.66	0.1041E-18
19.61	0.1568E-18
20.61	0.2326E-18
21.67	0.3401E-18
22.77	0.4907E-18
23.93	0.6989E-18
25.15	0.9835E-18
26.44	0.1368E-17
27.79	0.1882E-17
29.21	0.2564E-17
30.70	0.3456E-17
32.26	0.4616E-17
33.91	0.6109E-17
35.64	0.8017E-17
37.46	0.1043E-16
39.37	0.1348E-16
41.38	0.1728E-16
43.49	0.2199E-16
45.71	0.2781E-16
48.04	0.3494E-16
50.49	0.4363E-16
53.07	0.5415E-16
55.77	0.6685E-16
58.62	0.8207E-16
61.61	0.1002E-15
64.75	0.1219E-15
68.06	0.1474E-15
71.53	0.1776E-15
75.18	0.2130E-15
79.02	0.2545E-15
83.05	0.3028E-15
87.29	0.3590E-15
91.74	0.4242E-15
96.42	0.4995E-15
101.3	0.5863E-15
106.5	0.6862E-15
111.9	0.8009E-15
117.7	0.9322E-15
123.7	0.1082E-14
130.0	0.1254E-14
136.6	0.1449E-14
143.6	0.1671E-14
150.9	0.1923E-14
158.6	0.2209E-14
166.7	0.2533E-14
175.2	0.2900E-14
184.1	0.3315E-14
193.5	0.3784E-14
203.4	0.4313E-14
213.8	0.4910E-14
224.7	0.5584E-14
236.2	0.6344E-14
248.2	0.7200E-14
260.9	0.8165E-14
274.2	0.9251E-14
288.2	0.1047E-13
302.9	0.1185E-13
318.3	0.1340E-13
334.6	0.1515E-13
351.7	0.1711E-13
369.6	0.1933E-13
388.5	0.2182E-13
408.3	0.2463E-13
429.1	0.2779E-13
451.0	0.3135E-13
474.0	0.3537E-13
498.2	0.3991E-13
523.6	0.4502E-13
550.4	0.5079E-13
578.4	0.5732E-13
608.0	0.6468E-13
639.0	0.7298E-13
671.6	0.8237E-13
705.8	0.9298E-13
741.9	0.1050E-12
779.7	0.1185E-12
819.5	0.1338E-12
861.3	0.1511E-12
905.3	0.1707E-12
951.5	0.1928E-12
1000.	0.2178E-12
 
 
E/N (Td)	Maximum energy
0.5000E-01	2.408
0.5255E-01	2.867
0.5523E-01	2.867
0.5805E-01	2.867
0.6101E-01	2.867
0.6413E-01	2.867
0.6740E-01	2.867
0.7084E-01	2.867
0.7445E-01	2.867
0.7825E-01	2.867
0.8224E-01	3.415
0.8644E-01	3.415
0.9085E-01	3.415
0.9549E-01	3.415
0.1004	3.415
0.1055	3.415
0.1109	3.415
0.1165	3.415
0.1225	4.067
0.1287	4.067
0.1353	4.067
0.1422	4.067
0.1494	4.067
0.1571	4.067
0.1651	4.067
0.1735	4.067
0.1824	4.844
0.1917	4.844
0.2014	4.844
0.2117	4.844
0.2225	4.844
0.2339	4.844
0.2458	4.844
0.2583	5.770
0.2715	5.770
0.2854	5.770
0.2999	5.770
0.3153	5.770
0.3313	5.770
0.3482	5.770
0.3660	5.770
0.3847	6.872
0.4043	6.872
0.4250	6.872
0.4466	6.872
0.4694	6.872
0.4934	6.872
0.5186	6.872
0.5450	8.184
0.5728	8.184
0.6020	8.184
0.6328	8.184
0.6651	8.184
0.6990	8.184
0.7347	8.184
0.7721	8.184
0.8115	9.747
0.8529	9.747
0.8965	9.747
0.9422	9.747
0.9903	9.747
1.041	9.747
1.094	9.747
1.150	9.747
1.208	11.61
1.270	11.61
1.335	11.61
1.403	11.61
1.475	11.61
1.550	11.61
1.629	11.61
1.712	13.81
1.799	13.81
1.891	13.81
1.988	13.81
2.089	13.81
2.196	13.81
2.308	13.81
2.425	13.81
2.549	13.81
2.679	13.81
2.816	13.81
2.960	13.81
3.111	16.42
3.269	16.42
3.436	16.42
3.612	16.42
3.796	16.42
3.990	16.42
4.193	16.42
4.407	16.42
4.632	16.42
4.868	16.42
5.117	16.42
5.378	16.42
5.652	16.42
5.941	16.42
6.244	16.42
6.562	16.42
6.897	16.42
7.249	19.49
7.619	19.49
8.008	19.49
8.416	19.49
8.846	19.49
9.297	19.49
9.772	19.49
10.27	19.49
10.79	19.49
11.35	19.49
11.92	19.49
12.53	19.49
13.17	19.49
13.84	19.49
14.55	19.49
15.29	19.49
16.07	23.13
16.89	23.13
17.76	23.13
18.66	23.13
19.61	23.13
20.61	23.13
21.67	23.13
22.77	23.13
23.93	23.13
25.15	23.13
26.44	23.13
27.79	23.13
29.21	27.43
30.70	27.43
32.26	27.43
33.91	27.43
35.64	27.43
37.46	27.43
39.37	27.43
41.38	27.43
43.49	27.43
45.71	27.43
48.04	32.52
50.49	32.52
53.07	32.52
55.77	32.52
58.62	32.52
61.61	32.52
64.75	32.52
68.06	32.52
71.53	38.53
75.18	38.53
79.02	38.53
83.05	38.53
87.29	38.53
91.74	38.53
96.42	45.63
101.3	45.63
106.5	45.63
111.9	45.63
117.7	45.63
123.7	45.63
130.0	54.03
136.6	54.03
143.6	54.03
150.9	54.03
158.6	54.03
166.7	63.96
175.2	63.96
184.1	63.96
193.5	63.96
203.4	75.69
213.8	75.69
224.7	75.69
236.2	75.69
248.2	75.69
260.9	89.56
274.2	89.56
288.2	89.56
302.9	106.0
318.3	106.0
334.6	106.0
351.7	106.0
369.6	125.3
388.5	125.3
408.3	125.3
429.1	148.3
451.0	148.3
474.0	148.3
498.2	175.3
523.6	175.3
550.4	175.3
578.4	207.3
608.0	207.3
639.0	207.3
671.6	245.2
705.8	245.2
741.9	245.2
779.7	289.9
819.5	289.9
861.3	289.9
905.3	342.8
951.5	342.8
1000.	405.3
 
 
E/N (Td)	# of iterations
0.5000E-01	4.000
0.5255E-01	8.000
0.5523E-01	4.000
0.5805E-01	4.000
0.6101E-01	4.000
0.6413E-01	4.000
0.6740E-01	4.000
0.7084E-01	4.000
0.7445E-01	4.000
0.7825E-01	4.000
0.8224E-01	8.000
0.8644E-01	4.000
0.9085E-01	4.000
0.9549E-01	4.000
0.1004	4.000
0.1055	4.000
0.1109	4.000
0.1165	4.000
0.1225	8.000
0.1287	4.000
0.1353	4.000
0.1422	4.000
0.1494	4.000
0.1571	4.000
0.1651	4.000
0.1735	4.000
0.1824	8.000
0.1917	4.000
0.2014	4.000
0.2117	4.000
0.2225	4.000
0.2339	4.000
0.2458	4.000
0.2583	8.000
0.2715	4.000
0.2854	4.000
0.2999	4.000
0.3153	4.000
0.3313	4.000
0.3482	4.000
0.3660	4.000
0.3847	8.000
0.4043	4.000
0.4250	4.000
0.4466	4.000
0.4694	4.000
0.4934	4.000
0.5186	4.000
0.5450	8.000
0.5728	4.000
0.6020	4.000
0.6328	4.000
0.6651	4.000
0.6990	4.000
0.7347	4.000
0.7721	4.000
0.8115	8.000
0.8529	4.000
0.8965	4.000
0.9422	4.000
0.9903	4.000
1.041	4.000
1.094	4.000
1.150	4.000
1.208	8.000
1.270	4.000
1.335	4.000
1.403	4.000
1.475	4.000
1.550	4.000
1.629	4.000
1.712	8.000
1.799	4.000
1.891	4.000
1.988	5.000
2.089	5.000
2.196	5.000
2.308	5.000
2.425	5.000
2.549	5.000
2.679	5.000
2.816	5.000
2.960	5.000
3.111	10.00
3.269	5.000
3.436	5.000
3.612	5.000
3.796	5.000
3.990	5.000
4.193	5.000
4.407	5.000
4.632	5.000
4.868	5.000
5.117	5.000
5.378	5.000
5.652	5.000
5.941	5.000
6.244	5.000
6.562	5.000
6.897	5.000
7.249	10.00
7.619	5.000
8.008	5.000
8.416	5.000
8.846	5.000
9.297	5.000
9.772	5.000
10.27	5.000
10.79	5.000
11.35	5.000
11.92	5.000
12.53	5.000
13.17	5.000
13.84	5.000
14.55	5.000
15.29	5.000
16.07	10.00
16.89	5.000
17.76	5.000
18.66	5.000
19.61	5.000
20.61	5.000
21.67	5.000
22.77	5.000
23.93	5.000
25.15	5.000
26.44	5.000
27.79	5.000
29.21	10.00
30.70	5.000
32.26	5.000
33.91	5.000
35.64	5.000
37.46	5.000
39.37	5.000
41.38	5.000
43.49	4.000
45.71	4.000
48.04	8.000
50.49	4.000
53.07	4.000
55.77	4.000
58.62	4.000
61.61	5.000
64.75	5.000
68.06	5.000
71.53	10.00
75.18	5.000
79.02	5.000
83.05	5.000
87.29	5.000
91.74	5.000
96.42	10.00
101.3	5.000
106.5	5.000
111.9	5.000
117.7	5.000
123.7	5.000
130.0	10.00
136.6	5.000
143.6	5.000
150.9	6.000
158.6	6.000
166.7	12.00
175.2	6.000
184.1	6.000
193.5	6.000
203.4	12.00
213.8	6.000
224.7	6.000
236.2	6.000
248.2	6.000
260.9	12.00
274.2	6.000
288.2	6.000
302.9	12.00
318.3	6.000
334.6	6.000
351.7	6.000
369.6	11.00
388.5	6.000
408.3	6.000
429.1	12.00
451.0	5.000
474.0	5.000
498.2	12.00
523.6	6.000
550.4	6.000
578.4	11.00
608.0	6.000
639.0	6.000
671.6	11.00
705.8	6.000
741.9	6.000
779.7	14.00
819.5	7.000
861.3	7.000
905.3	14.00
951.5	7.000
1000.	14.00
 
 
E/N (Td)	# of grid trials
0.5000E-01	1.000
0.5255E-01	2.000
0.5523E-01	1.000
0.5805E-01	1.000
0.6101E-01	1.000
0.6413E-01	1.000
0.6740E-01	1.000
0.7084E-01	1.000
0.7445E-01	1.000
0.7825E-01	1.000
0.8224E-01	2.000
0.8644E-01	1.000
0.9085E-01	1.000
0.9549E-01	1.000
0.1004	1.000
0.1055	1.000
0.1109	1.000
0.1165	1.000
0.1225	2.000
0.1287	1.000
0.1353	1.000
0.1422	1.000
0.1494	1.000
0.1571	1.000
0.1651	1.000
0.1735	1.000
0.1824	2.000
0.1917	1.000
0.2014	1.000
0.2117	1.000
0.2225	1.000
0.2339	1.000
0.2458	1.000
0.2583	2.000
0.2715	1.000
0.2854	1.000
0.2999	1.000
0.3153	1.000
0.3313	1.000
0.3482	1.000
0.3660	1.000
0.3847	2.000
0.4043	1.000
0.4250	1.000
0.4466	1.000
0.4694	1.000
0.4934	1.000
0.5186	1.000
0.5450	2.000
0.5728	1.000
0.6020	1.000
0.6328	1.000
0.6651	1.000
0.6990	1.000
0.7347	1.000
0.7721	1.000
0.8115	2.000
0.8529	1.000
0.8965	1.000
0.9422	1.000
0.9903	1.000
1.041	1.000
1.094	1.000
1.150	1.000
1.208	2.000
1.270	1.000
1.335	1.000
1.403	1.000
1.475	1.000
1.550	1.000
1.629	1.000
1.712	2.000
1.799	1.000
1.891	1.000
1.988	1.000
2.089	1.000
2.196	1.000
2.308	1.000
2.425	1.000
2.549	1.000
2.679	1.000
2.816	1.000
2.960	1.000
3.111	2.000
3.269	1.000
3.436	1.000
3.612	1.000
3.796	1.000
3.990	1.000
4.193	1.000
4.407	1.000
4.632	1.000
4.868	1.000
5.117	1.000
5.378	1.000
5.652	1.000
5.941	1.000
6.244	1.000
6.562	1.000
6.897	1.000
7.249	2.000
7.619	1.000
8.008	1.000
8.416	1.000
8.846	1.000
9.297	1.000
9.772	1.000
10.27	1.000
10.79	1.000
11.35	1.000
11.92	1.000
12.53	1.000
13.17	1.000
13.84	1.000
14.55	1.000
15.29	1.000
16.07	2.000
16.89	1.000
17.76	1.000
18.66	1.000
19.61	1.000
20.61	1.000
21.67	1.000
22.77	1.000
23.93	1.000
25.15	1.000
26.44	1.000
27.79	1.000
29.21	2.000
30.70	1.000
32.26	1.000
33.91	1.000
35.64	1.000
37.46	1.000
39.37	1.000
41.38	1.000
43.49	1.000
45.71	1.000
48.04	2.000
50.49	1.000
53.07	1.000
55.77	1.000
58.62	1.000
61.61	1.000
64.75	1.000
68.06	1.000
71.53	2.000
75.18	1.000
79.02	1.000
83.05	1.000
87.29	1.000
91.74	1.000
96.42	2.000
101.3	1.000
106.5	1.000
111.9	1.000
117.7	1.000
123.7	1.000
130.0	2.000
136.6	1.000
143.6	1.000
150.9	1.000
158.6	1.000
166.7	2.000
175.2	1.000
184.1	1.000
193.5	1.000
203.4	2.000
213.8	1.000
224.7	1.000
236.2	1.000
248.2	1.000
260.9	2.000
274.2	1.000
288.2	1.000
302.9	2.000
318.3	1.000
334.6	1.000
351.7	1.000
369.6	2.000
388.5	1.000
408.3	1.000
429.1	2.000
451.0	1.000
474.0	1.000
498.2	2.000
523.6	1.000
550.4	1.000
578.4	2.000
608.0	1.000
639.0	1.000
671.6	2.000
705.8	1.000
741.9	1.000
779.7	2.000
819.5	1.000
861.3	1.000
905.3	2.000
951.5	1.000
1000.	2.000
 
 
C1    Ar    Effective (momentum)                                
E/N (Td)	Rate coefficient (m3/s)
0.5000E-01	0.3529E-14
0.5255E-01	0.3665E-14
0.5523E-01	0.3807E-14
0.5805E-01	0.3954E-14
0.6101E-01	0.4108E-14
0.6413E-01	0.4267E-14
0.6740E-01	0.4433E-14
0.7084E-01	0.4606E-14
0.7445E-01	0.4786E-14
0.7825E-01	0.4973E-14
0.8224E-01	0.5167E-14
0.8644E-01	0.5369E-14
0.9085E-01	0.5579E-14
0.9549E-01	0.5798E-14
0.1004	0.6025E-14
0.1055	0.6260E-14
0.1109	0.6505E-14
0.1165	0.6760E-14
0.1225	0.7024E-14
0.1287	0.7298E-14
0.1353	0.7583E-14
0.1422	0.7878E-14
0.1494	0.8185E-14
0.1571	0.8503E-14
0.1651	0.8832E-14
0.1735	0.9174E-14
0.1824	0.9528E-14
0.1917	0.9895E-14
0.2014	0.1028E-13
0.2117	0.1067E-13
0.2225	0.1108E-13
0.2339	0.1150E-13
0.2458	0.1194E-13
0.2583	0.1239E-13
0.2715	0.1286E-13
0.2854	0.1335E-13
0.2999	0.1386E-13
0.3153	0.1438E-13
0.3313	0.1492E-13
0.3482	0.1549E-13
0.3660	0.1607E-13
0.3847	0.1668E-13
0.4043	0.1730E-13
0.4250	0.1796E-13
0.4466	0.1863E-13
0.4694	0.1934E-13
0.4934	0.2007E-13
0.5186	0.2082E-13
0.5450	0.2161E-13
0.5728	0.2243E-13
0.6020	0.2327E-13
0.6328	0.2415E-13
0.6651	0.2507E-13
0.6990	0.2602E-13
0.7347	0.2700E-13
0.7721	0.2803E-13
0.8115	0.2909E-13
0.8529	0.3019E-13
0.8965	0.3133E-13
0.9422	0.3252E-13
0.9903	0.3376E-13
1.041	0.3504E-13
1.094	0.3637E-13
1.150	0.3775E-13
1.208	0.3918E-13
1.270	0.4066E-13
1.335	0.4220E-13
1.403	0.4380E-13
1.475	0.4546E-13
1.550	0.4717E-13
1.629	0.4896E-13
1.712	0.5081E-13
1.799	0.5272E-13
1.891	0.5471E-13
1.988	0.5677E-13
2.089	0.5891E-13
2.196	0.6113E-13
2.308	0.6342E-13
2.425	0.6581E-13
2.549	0.6828E-13
2.679	0.7084E-13
2.816	0.7349E-13
2.960	0.7622E-13
3.111	0.7901E-13
3.269	0.8184E-13
3.436	0.8469E-13
3.612	0.8751E-13
3.796	0.9025E-13
3.990	0.9288E-13
4.193	0.9536E-13
4.407	0.9766E-13
4.632	0.9976E-13
4.868	0.1016E-12
5.117	0.1033E-12
5.378	0.1048E-12
5.652	0.1062E-12
5.941	0.1073E-12
6.244	0.1084E-12
6.562	0.1093E-12
6.897	0.1101E-12
7.249	0.1109E-12
7.619	0.1116E-12
8.008	0.1122E-12
8.416	0.1128E-12
8.846	0.1134E-12
9.297	0.1139E-12
9.772	0.1145E-12
10.27	0.1150E-12
10.79	0.1156E-12
11.35	0.1161E-12
11.92	0.1167E-12
12.53	0.1172E-12
13.17	0.1178E-12
13.84	0.1184E-12
14.55	0.1189E-12
15.29	0.1195E-12
16.07	0.1202E-12
16.89	0.1208E-12
17.76	0.1215E-12
18.66	0.1221E-12
19.61	0.1228E-12
20.61	0.1236E-12
21.67	0.1243E-12
22.77	0.1251E-12
23.93	0.1259E-12
25.15	0.1267E-12
26.44	0.1275E-12
27.79	0.1283E-12
29.21	0.1292E-12
30.70	0.1301E-12
32.26	0.1310E-12
33.91	0.1320E-12
35.64	0.1329E-12
37.46	0.1339E-12
39.37	0.1349E-12
41.38	0.1359E-12
43.49	0.1370E-12
45.71	0.1380E-12
48.04	0.1391E-12
50.49	0.1402E-12
53.07	0.1413E-12
55.77	0.1425E-12
58.62	0.1436E-12
61.61	0.1448E-12
64.75	0.1459E-12
68.06	0.1471E-12
71.53	0.1483E-12
75.18	0.1495E-12
79.02	0.1507E-12
83.05	0.1520E-12
87.29	0.1532E-12
91.74	0.1545E-12
96.42	0.1558E-12
101.3	0.1570E-12
106.5	0.1583E-12
111.9	0.1596E-12
117.7	0.1609E-12
123.7	0.1623E-12
130.0	0.1636E-12
136.6	0.1649E-12
143.6	0.1663E-12
150.9	0.1676E-12
158.6	0.1690E-12
166.7	0.1704E-12
175.2	0.1718E-12
184.1	0.1732E-12
193.5	0.1746E-12
203.4	0.1761E-12
213.8	0.1775E-12
224.7	0.1790E-12
236.2	0.1805E-12
248.2	0.1820E-12
260.9	0.1835E-12
274.2	0.1850E-12
288.2	0.1866E-12
302.9	0.1882E-12
318.3	0.1898E-12
334.6	0.1914E-12
351.7	0.1930E-12
369.6	0.1947E-12
388.5	0.1964E-12
408.3	0.1982E-12
429.1	0.1999E-12
451.0	0.2017E-12
474.0	0.2035E-12
498.2	0.2054E-12
523.6	0.2072E-12
550.4	0.2091E-12
578.4	0.2111E-12
608.0	0.2130E-12
639.0	0.2150E-12
671.6	0.2170E-12
705.8	0.2190E-12
741.9	0.2210E-12
779.7	0.2231E-12
819.5	0.2251E-12
861.3	0.2272E-12
905.3	0.2293E-12
951.5	0.2314E-12
1000.	0.2335E-12
 
 
C2    Ar    Excitation    11.50 eV                              
E/N (Td)	Rate coefficient (m3/s)
0.5000E-01	0.000
0.5255E-01	0.000
0.5523E-01	0.000
0.5805E-01	0.000
0.6101E-01	0.000
0.6413E-01	0.000
0.6740E-01	0.000
0.7084E-01	0.000
0.7445E-01	0.000
0.7825E-01	0.000
0.8224E-01	0.000
0.8644E-01	0.000
0.9085E-01	0.000
0.9549E-01	0.000
0.1004	0.000
0.1055	0.000
0.1109	0.000
0.1165	0.000
0.1225	0.000
0.1287	0.000
0.1353	0.000
0.1422	0.000
0.1494	0.000
0.1571	0.000
0.1651	0.000
0.1735	0.000
0.1824	0.000
0.1917	0.000
0.2014	0.000
0.2117	0.000
0.2225	0.000
0.2339	0.000
0.2458	0.000
0.2583	0.000
0.2715	0.000
0.2854	0.000
0.2999	0.000
0.3153	0.000
0.3313	0.000
0.3482	0.000
0.3660	0.000
0.3847	0.000
0.4043	0.000
0.4250	0.000
0.4466	0.000
0.4694	0.000
0.4934	0.000
0.5186	0.000
0.5450	0.000
0.5728	0.000
0.6020	0.000
0.6328	0.000
0.6651	0.000
0.6990	0.000
0.7347	0.000
0.7721	0.000
0.8115	0.000
0.8529	0.000
0.8965	0.000
0.9422	0.000
0.9903	0.000
1.041	0.000
1.094	0.000
1.150	0.000
1.208	0.9279E-35
1.270	0.2115E-33
1.335	0.3945E-32
1.403	0.6060E-31
1.475	0.7718E-30
1.550	0.8210E-29
1.629	0.7353E-28
1.712	0.1869E-26
1.799	0.1294E-25
1.891	0.7727E-25
1.988	0.4016E-24
2.089	0.1832E-23
2.196	0.7395E-23
2.308	0.2662E-22
2.425	0.8610E-22
2.549	0.2521E-21
2.679	0.6730E-21
2.816	0.1648E-20
2.960	0.3728E-20
3.111	0.7828E-20
3.269	0.1536E-19
3.436	0.2829E-19
3.612	0.4917E-19
3.796	0.8105E-19
3.990	0.1273E-18
4.193	0.1914E-18
4.407	0.2769E-18
4.632	0.3868E-18
4.868	0.5240E-18
5.117	0.6911E-18
5.378	0.8904E-18
5.652	0.1124E-17
5.941	0.1394E-17
6.244	0.1703E-17
6.562	0.2053E-17
6.897	0.2448E-17
7.249	0.2889E-17
7.619	0.3380E-17
8.008	0.3927E-17
8.416	0.4532E-17
8.846	0.5200E-17
9.297	0.5938E-17
9.772	0.6752E-17
10.27	0.7647E-17
10.79	0.8631E-17
11.35	0.9713E-17
11.92	0.1090E-16
12.53	0.1220E-16
13.17	0.1364E-16
13.84	0.1520E-16
14.55	0.1692E-16
15.29	0.1881E-16
16.07	0.2087E-16
16.89	0.2313E-16
17.76	0.2560E-16
18.66	0.2831E-16
19.61	0.3127E-16
20.61	0.3450E-16
21.67	0.3803E-16
22.77	0.4189E-16
23.93	0.4610E-16
25.15	0.5069E-16
26.44	0.5569E-16
27.79	0.6113E-16
29.21	0.6706E-16
30.70	0.7351E-16
32.26	0.8051E-16
33.91	0.8811E-16
35.64	0.9636E-16
37.46	0.1053E-15
39.37	0.1150E-15
41.38	0.1255E-15
43.49	0.1368E-15
45.71	0.1490E-15
48.04	0.1622E-15
50.49	0.1765E-15
53.07	0.1918E-15
55.77	0.2083E-15
58.62	0.2261E-15
61.61	0.2452E-15
64.75	0.2658E-15
68.06	0.2878E-15
71.53	0.3115E-15
75.18	0.3370E-15
79.02	0.3643E-15
83.05	0.3935E-15
87.29	0.4249E-15
91.74	0.4585E-15
96.42	0.4946E-15
101.3	0.5332E-15
106.5	0.5746E-15
111.9	0.6190E-15
117.7	0.6666E-15
123.7	0.7175E-15
130.0	0.7722E-15
136.6	0.8307E-15
143.6	0.8935E-15
150.9	0.9608E-15
158.6	0.1033E-14
166.7	0.1110E-14
175.2	0.1193E-14
184.1	0.1282E-14
193.5	0.1378E-14
203.4	0.1480E-14
213.8	0.1590E-14
224.7	0.1707E-14
236.2	0.1833E-14
248.2	0.1968E-14
260.9	0.2113E-14
274.2	0.2268E-14
288.2	0.2433E-14
302.9	0.2611E-14
318.3	0.2801E-14
334.6	0.3004E-14
351.7	0.3221E-14
369.6	0.3453E-14
388.5	0.3701E-14
408.3	0.3966E-14
429.1	0.4248E-14
451.0	0.4549E-14
474.0	0.4869E-14
498.2	0.5211E-14
523.6	0.5574E-14
550.4	0.5959E-14
578.4	0.6368E-14
608.0	0.6802E-14
639.0	0.7261E-14
671.6	0.7746E-14
705.8	0.8258E-14
741.9	0.8798E-14
779.7	0.9367E-14
819.5	0.9964E-14
861.3	0.1059E-13
905.3	0.1124E-13
951.5	0.1193E-13
1000.	0.1264E-13
 
 
C3    Ar    Ionization    15.80 eV                              
E/N (Td)	Rate coefficient (m3/s)
0.5000E-01	0.000
0.5255E-01	0.000
0.5523E-01	0.000
0.5805E-01	0.000
0.6101E-01	0.000
0.6413E-01	0.000
0.6740E-01	0.000
0.7084E-01	0.000
0.7445E-01	0.000
0.7825E-01	0.000
0.8224E-01	0.000
0.8644E-01	0.000
0.9085E-01	0.000
0.9549E-01	0.000
0.1004	0.000
0.1055	0.000
0.1109	0.000
0.1165	0.000
0.1225	0.000
0.1287	0.000
0.1353	0.000
0.1422	0.000
0.1494	0.000
0.1571	0.000
0.1651	0.000
0.1735	0.000
0.1824	0.000
0.1917	0.000
0.2014	0.000
0.2117	0.000
0.2225	0.000
0.2339	0.000
0.2458	0.000
0.2583	0.000
0.2715	0.000
0.2854	0.000
0.2999	0.000
0.3153	0.000
0.3313	0.000
0.3482	0.000
0.3660	0.000
0.3847	0.000
0.4043	0.000
0.4250	0.000
0.4466	0.000
0.4694	0.000
0.4934	0.000
0.5186	0.000
0.5450	0.000
0.5728	0.000
0.6020	0.000
0.6328	0.000
0.6651	0.000
0.6990	0.000
0.7347	0.000
0.7721	0.000
0.8115	0.000
0.8529	0.000
0.8965	0.000
0.9422	0.000
0.9903	0.000
1.041	0.000
1.094	0.000
1.150	0.000
1.208	0.000
1.270	0.000
1.335	0.000
1.403	0.000
1.475	0.000
1.550	0.000
1.629	0.000
1.712	0.000
1.799	0.000
1.891	0.000
1.988	0.000
2.089	0.000
2.196	0.000
2.308	0.000
2.425	0.000
2.549	0.000
2.679	0.000
2.816	0.000
2.960	0.000
3.111	0.5923E-37
3.269	0.7982E-36
3.436	0.9150E-35
3.612	0.9011E-34
3.796	0.7697E-33
3.990	0.5755E-32
4.193	0.3801E-31
4.407	0.2237E-30
4.632	0.1183E-29
4.868	0.5662E-29
5.117	0.2472E-28
5.378	0.9908E-28
5.652	0.3670E-27
5.941	0.1264E-26
6.244	0.4063E-26
6.562	0.1227E-25
6.897	0.3491E-25
7.249	0.9887E-25
7.619	0.2542E-24
8.008	0.6235E-24
8.416	0.1464E-23
8.846	0.3299E-23
9.297	0.7154E-23
9.772	0.1496E-22
10.27	0.3026E-22
10.79	0.5925E-22
11.35	0.1126E-21
11.92	0.2081E-21
12.53	0.3743E-21
13.17	0.6567E-21
13.84	0.1125E-20
14.55	0.1885E-20
15.29	0.3092E-20
16.07	0.4982E-20
16.89	0.7858E-20
17.76	0.1218E-19
18.66	0.1855E-19
19.61	0.2782E-19
20.61	0.4108E-19
21.67	0.5981E-19
22.77	0.8588E-19
23.93	0.1217E-18
25.15	0.1705E-18
26.44	0.2359E-18
27.79	0.3229E-18
29.21	0.4375E-18
30.70	0.5866E-18
32.26	0.7790E-18
33.91	0.1025E-17
35.64	0.1337E-17
37.46	0.1730E-17
39.37	0.2221E-17
41.38	0.2830E-17
43.49	0.3580E-17
45.71	0.4497E-17
48.04	0.5613E-17
50.49	0.6962E-17
53.07	0.8583E-17
55.77	0.1052E-16
58.62	0.1283E-16
61.61	0.1556E-16
64.75	0.1878E-16
68.06	0.2255E-16
71.53	0.2696E-16
75.18	0.3210E-16
79.02	0.3805E-16
83.05	0.4493E-16
87.29	0.5286E-16
91.74	0.6195E-16
96.42	0.7237E-16
101.3	0.8426E-16
106.5	0.9781E-16
111.9	0.1132E-15
117.7	0.1306E-15
123.7	0.1503E-15
130.0	0.1726E-15
136.6	0.1977E-15
143.6	0.2259E-15
150.9	0.2575E-15
158.6	0.2930E-15
166.7	0.3327E-15
175.2	0.3771E-15
184.1	0.4267E-15
193.5	0.4820E-15
203.4	0.5436E-15
213.8	0.6121E-15
224.7	0.6883E-15
236.2	0.7729E-15
248.2	0.8667E-15
260.9	0.9707E-15
274.2	0.1086E-14
288.2	0.1213E-14
302.9	0.1354E-14
318.3	0.1510E-14
334.6	0.1682E-14
351.7	0.1872E-14
369.6	0.2081E-14
388.5	0.2312E-14
408.3	0.2566E-14
429.1	0.2845E-14
451.0	0.3152E-14
474.0	0.3489E-14
498.2	0.3860E-14
523.6	0.4266E-14
550.4	0.4711E-14
578.4	0.5199E-14
608.0	0.5731E-14
639.0	0.6313E-14
671.6	0.6947E-14
705.8	0.7638E-14
741.9	0.8391E-14
779.7	0.9209E-14
819.5	0.1010E-13
861.3	0.1106E-13
905.3	0.1209E-13
951.5	0.1322E-13
1000.	0.1442E-13
 
 
Ar                                                              
E/N (Td)	Inelastic energy loss coefficient (eV m3/s)
0.5000E-01	-0.2300-206
0.5255E-01	-0.2327-206
0.5523E-01	-0.2355-206
0.5805E-01	-0.2384-206
0.6101E-01	-0.2414-206
0.6413E-01	-0.2444-206
0.6740E-01	-0.2475-206
0.7084E-01	-0.2508-206
0.7445E-01	-0.2540-206
0.7825E-01	-0.2574-206
0.8224E-01	-0.2609-206
0.8644E-01	-0.2645-206
0.9085E-01	-0.2682-206
0.9549E-01	-0.2721-206
0.1004	-0.2760-206
0.1055	-0.2801-206
0.1109	-0.2843-206
0.1165	-0.2886-206
0.1225	-0.2931-206
0.1287	-0.2977-206
0.1353	-0.3025-206
0.1422	-0.3074-206
0.1494	-0.3124-206
0.1571	-0.3176-206
0.1651	-0.3230-206
0.1735	-0.3285-206
0.1824	-0.3342-206
0.1917	-0.3400-206
0.2014	-0.3460-206
0.2117	-0.3522-206
0.2225	-0.3586-206
0.2339	-0.3651-206
0.2458	-0.3718-206
0.2583	-0.3786-206
0.2715	-0.3857-206
0.2854	-0.3930-206
0.2999	-0.4004-206
0.3153	-0.4081-206
0.3313	-0.4160-206
0.3482	-0.4241-206
0.3660	-0.4325-206
0.3847	-0.4412-206
0.4043	-0.4501-206
0.4250	-0.4593-206
0.4466	-0.4689-206
0.4694	-0.4788-206
0.4934	-0.4891-206
0.5186	-0.4998-206
0.5450	-0.5109-206
0.5728	-0.5225-206
0.6020	-0.5346-206
0.6328	-0.5471-206
0.6651	-0.5602-206
0.6990	-0.5739-206
0.7347	-0.5882-206
0.7721	-0.6030-206
0.8115	-0.6186-206
0.8529	-0.6348-206
0.8965	-0.6516-206
0.9422	-0.6693-206
0.9903	-0.6876-206
1.041	-0.7068-206
1.094	-0.7266-206
1.150	-0.7473-206
1.208	0.1067E-33
1.270	0.2432E-32
1.335	0.4537E-31
1.403	0.6969E-30
1.475	0.8876E-29
1.550	0.9442E-28
1.629	0.8456E-27
1.712	0.2150E-25
1.799	0.1488E-24
1.891	0.8886E-24
1.988	0.4619E-23
2.089	0.2107E-22
2.196	0.8504E-22
2.308	0.3061E-21
2.425	0.9901E-21
2.549	0.2899E-20
2.679	0.7739E-20
2.816	0.1896E-19
2.960	0.4287E-19
3.111	0.9002E-19
3.269	0.1766E-18
3.436	0.3253E-18
3.612	0.5655E-18
3.796	0.9321E-18
3.990	0.1464E-17
4.193	0.2202E-17
4.407	0.3184E-17
4.632	0.4448E-17
4.868	0.6026E-17
5.117	0.7948E-17
5.378	0.1024E-16
5.652	0.1293E-16
5.941	0.1603E-16
6.244	0.1959E-16
6.562	0.2361E-16
6.897	0.2815E-16
7.249	0.3322E-16
7.619	0.3888E-16
8.008	0.4516E-16
8.416	0.5211E-16
8.846	0.5981E-16
9.297	0.6829E-16
9.772	0.7764E-16
10.27	0.8794E-16
10.79	0.9926E-16
11.35	0.1117E-15
11.92	0.1254E-15
12.53	0.1404E-15
13.17	0.1568E-15
13.84	0.1749E-15
14.55	0.1947E-15
15.29	0.2163E-15
16.07	0.2401E-15
16.89	0.2661E-15
17.76	0.2946E-15
18.66	0.3258E-15
19.61	0.3600E-15
20.61	0.3974E-15
21.67	0.4383E-15
22.77	0.4831E-15
23.93	0.5320E-15
25.15	0.5856E-15
26.44	0.6441E-15
27.79	0.7081E-15
29.21	0.7781E-15
30.70	0.8546E-15
32.26	0.9382E-15
33.91	0.1030E-14
35.64	0.1129E-14
37.46	0.1238E-14
39.37	0.1357E-14
41.38	0.1488E-14
43.49	0.1630E-14
45.71	0.1785E-14
48.04	0.1954E-14
50.49	0.2139E-14
53.07	0.2341E-14
55.77	0.2562E-14
58.62	0.2803E-14
61.61	0.3066E-14
64.75	0.3353E-14
68.06	0.3666E-14
71.53	0.4009E-14
75.18	0.4382E-14
79.02	0.4790E-14
83.05	0.5235E-14
87.29	0.5721E-14
91.74	0.6252E-14
96.42	0.6831E-14
101.3	0.7463E-14
106.5	0.8153E-14
111.9	0.8907E-14
117.7	0.9729E-14
123.7	0.1063E-13
130.0	0.1161E-13
136.6	0.1268E-13
143.6	0.1384E-13
150.9	0.1512E-13
158.6	0.1651E-13
166.7	0.1803E-13
175.2	0.1968E-13
184.1	0.2149E-13
193.5	0.2346E-13
203.4	0.2561E-13
213.8	0.2795E-13
224.7	0.3051E-13
236.2	0.3329E-13
248.2	0.3633E-13
260.9	0.3963E-13
274.2	0.4323E-13
288.2	0.4716E-13
302.9	0.5142E-13
318.3	0.5607E-13
334.6	0.6112E-13
351.7	0.6662E-13
369.6	0.7260E-13
388.5	0.7910E-13
408.3	0.8615E-13
429.1	0.9380E-13
451.0	0.1021E-12
474.0	0.1111E-12
498.2	0.1209E-12
523.6	0.1315E-12
550.4	0.1430E-12
578.4	0.1554E-12
608.0	0.1688E-12
639.0	0.1832E-12
671.6	0.1988E-12
705.8	0.2157E-12
741.9	0.2338E-12
779.7	0.2532E-12
819.5	0.2741E-12
861.3	0.2965E-12
905.3	0.3204E-12
951.5	0.3460E-12
1000.	0.3732E-12
 
 
